Well_ID	Longitude	Latitude	GWLm	method	mean	median	well_constructed_depth	altitude	vertical_datum	Counts
285537095214001	-95.362	28.927	-11.08	median	-11.08	-11.08	224.0	4.85	NAVD88	1
285648095202101	-95.339	28.947	-9.43	median	-9.43	-9.43	249.0	5.09	NAVD88	2
285654095215101	-95.364	28.949	-11.93	median	-11.93	-11.93	249.0	4.91	NAVD88	2
285919095344701	-95.581	28.989	-11.00	median	-11.00	-11.00	506.0	13.66	NAVD88	1
290000095192602	-95.325	29.000	-10.39	median	-10.39	-10.39	232.0	4.98	NAVD88	2
290018095295201	-95.498	29.005	-34.26	median	-34.26	-34.26	341.0	14.50	NAVD88	1
290834095384201	-95.645	29.143	-12.32	mean	-12.32	-11.81	659.0	34.28	NAVD88	6
290939095480601	-95.802	29.161	2.32	median	2.26	2.32	500.0	49.97	NAVD88	3
291055095482501	-95.807	29.182	1.75	median	1.81	1.75	399.0	52.94	NAVD88	6
291114095213001	-95.359	29.188	2.81	median	2.60	2.81	335.0	15.01	NAVD88	5
291201095200701	-95.336	29.201	-12.63	mean	-12.63	-12.80	960.0	14.20	NAVD88	5
291204095264001	-95.445	29.201	-15.50	mean	-15.50	-16.10	807.0	32.90	NAVD88	4
291210095484001	-95.811	29.203	1.46	median	1.35	1.46	473.0	55.15	NAVD88	6
291305095352201	-95.589	29.220	-11.54	mean	-11.54	-11.40	867.0	35.01	NAVD88	4
291320095351401	-95.588	29.223	-6.79	median	-7.08	-6.79	852.0	34.98	NAVD88	4
291344095205101	-95.348	29.229	-2.15	median	-2.14	-2.15	304.0	23.84	NAVD88	3
291510095405201	-95.683	29.253	-8.27	median	-9.44	-8.27	887.0	60.00	NAVD88	6
291545095202401	-95.341	29.263	-6.53	mean	-6.53	-6.70	514.0	26.00	NAVD88	6
291808095261701	-95.438	29.302	1.11	median	0.79	1.11	1168.0	40.26	NAVD88	5
291841095321601	-95.538	29.312	-18.95	mean	-18.95	-19.15	875.0	42.37	NAVD88	6
291859095152601	-95.257	29.317	-14.84	mean	-14.84	-14.84	350.0	24.77	NAVD88	6
291908095414901	-95.697	29.319	-8.03	mean	-8.03	-8.00	756.0	54.98	NAVD88	6
291919095485101	-95.814	29.322	1.51	median	1.50	1.51	871.0	74.75	NAVD88	6
291948095135401	-95.232	29.330	-16.65	mean	-16.65	-16.74	400.0	20.41	NAVD88	4
291949095024801	-95.047	29.331	-17.53	mean	-17.53	-17.66	756.0	19.74	NAVD88	5
292037095010501	-95.018	29.344	-14.87	median	-14.87	-14.87	1080.0	14.01	NAVD88	1
292050095010501	-95.018	29.348	-17.98	median	-17.32	-17.98	790.0	16.04	NAVD88	3
292054095171901	-95.289	29.349	-14.20	mean	-14.20	-14.13	473.0	29.75	NAVD88	6
292054095371301	-95.621	29.349	-11.21	mean	-11.21	-10.88	874.0	57.42	NAVD88	6
292109094562901	-94.942	29.353	-16.25	median	-16.31	-16.25	643.0	10.06	NAVD88	3
292138095435801	-95.733	29.361	-1.61	median	-1.78	-1.61	1195.0	74.80	NAVD88	6
292144095033601	-95.060	29.363	-18.43	mean	-18.43	-18.53	884.0	20.03	NAVD88	4
292146095410301	-95.684	29.363	-9.21	median	-9.21	-9.21	1158.0	69.39	NAVD88	2
292151095035901	-95.067	29.364	-19.45	mean	-19.45	-19.77	888.0	20.49	NAVD88	5
292155095041001	-95.070	29.366	-19.89	mean	-19.89	-19.76	873.0	20.03	NAVD88	5
292159095042101	-95.073	29.367	-20.45	median	-20.45	-20.45	866.0	20.03	NAVD88	1
292201095450301	-95.817	29.357	-2.24	median	-1.37	-2.24	1082.0	80.12	NAVD88	4
292203095043201	-95.076	29.368	-19.10	mean	-19.10	-19.06	843.0	23.70	NAVD88	6
292204095042901	-95.075	29.368	-20.18	mean	-20.18	-20.20	874.0	19.98	NAVD88	6
292204095043601	-95.077	29.368	-20.35	mean	-20.35	-20.31	836.0	24.67	NAVD88	6
292204095281301	-95.471	29.368	-12.76	mean	-12.76	-12.69	923.0	50.08	NAVD88	6
292205095043701	-95.077	29.368	-19.02	mean	-19.02	-18.58	850.0	24.16	NAVD88	72
292207094544001	-94.911	29.369	-16.41	mean	-16.41	-16.62	645.0	6.65	NAVD88	6
292208095042701	-95.074	29.369	-18.56	mean	-18.56	-18.53	775.0	19.53	NAVD88	5
292209094564701	-94.947	29.369	-14.70	median	-14.91	-14.70	1000.0	14.86	NAVD88	5
292209095042801	-95.075	29.369	-19.80	mean	-19.80	-19.84	855.0	19.10	NAVD88	4
292211094543301	-94.909	29.370	-23.40	mean	-23.40	-23.87	1042.0	7.53	NAVD88	6
292211095044501	-95.079	29.370	-18.70	mean	-18.70	-18.04	817.0	24.08	NAVD88	6
292218095390801	-95.653	29.372	-10.16	mean	-10.16	-10.07	1155.0	70.01	NAVD88	5
292222094564801	-94.947	29.373	-15.62	mean	-15.62	-15.99	1025.0	14.84	NAVD88	5
292223094544401	-94.912	29.373	-14.77	mean	-14.77	-14.43	1017.0	8.50	NAVD88	6
292229094565801	-94.950	29.375	-15.36	median	-15.36	-15.36	1025.0	15.19	NAVD88	1
292233094541501	-94.904	29.376	-15.27	mean	-15.27	-14.85	771.0	10.45	NAVD88	5
292239094570301	-94.951	29.378	-14.81	median	-14.81	-14.81	1005.0	14.67	NAVD88	1
292246095553601	-95.927	29.380	10.42	mean	10.42	10.56	363.0	86.54	NAVD88	6
292303094553201	-94.926	29.384	-15.41	mean	-15.41	-14.98	728.0	13.44	NAVD88	6
292305094554801	-94.930	29.385	-16.53	mean	-16.53	-16.01	715.0	13.48	NAVD88	5
292314094563001	-94.942	29.387	-13.80	mean	-13.80	-13.44	702.0	9.99	NAVD88	5
292324094573801	-94.961	29.390	-17.62	mean	-17.62	-17.70	737.0	9.76	NAVD88	5
292327094575901	-94.967	29.391	-18.36	mean	-18.36	-18.70	644.0	11.13	NAVD88	5
292333094545001	-94.914	29.393	-16.03	mean	-16.03	-15.44	763.0	9.84	NAVD88	5
292335095133501	-95.226	29.393	-34.51	median	-34.51	-34.51	728.0	38.69	NAVD88	1
292336095063301	-95.109	29.394	-25.58	mean	-25.58	-25.48	805.0	28.26	NAVD88	4
292337094542801	-94.908	29.394	-17.93	mean	-17.93	-18.01	772.0	9.86	NAVD88	5
292338095063601	-95.110	29.394	-25.06	mean	-25.06	-24.88	870.0	27.82	NAVD88	73
292344095292801	-95.491	29.396	-14.73	median	-14.73	-14.73	595.0	60.02	NAVD88	1
292350095002201	-95.006	29.398	-17.82	mean	-17.82	-17.81	874.0	20.00	NAVD88	6
292354095425501	-95.716	29.399	1.56	median	1.45	1.56	491.0	66.41	NAVD88	6
292354095430201	-95.718	29.399	-4.89	mean	-4.89	-4.83	497.0	67.45	NAVD88	6
292358095062001	-95.106	29.400	-28.67	median	-28.67	-28.67	776.0	26.36	NAVD88	2
292359095501601	-95.838	29.400	6.46	mean	6.46	6.54	435.0	92.24	NAVD88	6
292403095052601	-95.091	29.401	-26.11	mean	-26.11	-26.32	771.0	25.88	NAVD88	6
292431094555601	-94.933	29.409	-16.05	mean	-16.05	-15.77	894.0	6.76	NAVD88	6
292439094553101	-94.926	29.411	-16.79	mean	-16.79	-16.55	785.0	6.03	NAVD88	4
292440095053801	-95.094	29.411	-26.87	mean	-26.87	-27.13	764.0	23.47	NAVD88	6
292443095045201	-95.081	29.412	-26.28	median	-26.28	-26.28	781.0	24.94	NAVD88	2
292448095173401	-95.293	29.414	-15.44	median	-15.44	-15.44	404.0	40.20	NAVD88	1
292453095272701	-95.458	29.415	-11.14	median	-11.14	-11.14	470.0	55.08	NAVD88	1
292456095560101	-95.934	29.416	14.20	mean	14.20	14.19	564.0	95.08	NAVD88	6
292458094534201	-94.895	29.416	-7.24	mean	-7.24	-7.22	210.0	5.30	NAVD88	76
292458094534203	-94.895	29.416	-11.48	mean	-11.48	-11.45	400.0	5.30	NAVD88	76
292458094534204	-94.895	29.416	-16.30	mean	-16.30	-16.30	535.0	5.30	NAVD88	76
292458094534205	-94.895	29.416	-16.23	mean	-16.23	-16.19	1060.0	5.30	NAVD88	77
292458094534206	-94.895	29.416	-15.72	mean	-15.72	-15.62	800.0	5.87	NAVD88	78
292459095451901	-95.756	29.417	9.62	mean	9.62	9.96	636.0	73.58	NAVD88	4
292500095451701	-95.755	29.417	2.64	mean	2.64	2.62	660.0	73.55	NAVD88	6
292527095561701	-95.938	29.424	13.96	mean	13.96	13.91	403.0	95.20	NAVD88	6
292530095560701	-95.936	29.425	13.88	mean	13.88	13.97	240.0	94.98	NAVD88	5
292533095052701	-95.091	29.426	-28.89	mean	-28.89	-29.18	770.0	18.77	NAVD88	6
292534095044501	-95.079	29.426	-25.98	mean	-25.98	-25.45	810.0	21.27	NAVD88	6
292542095082301	-95.140	29.429	-30.49	mean	-30.49	-30.28	677.0	20.55	NAVD88	71
292545095123301	-95.209	29.429	-22.94	median	-22.94	-22.94	505.0	36.00	NAVD88	1
292548094565601	-94.949	29.430	-13.84	median	-16.70	-13.84	692.0	4.98	NAVD88	3
292603095150901	-95.253	29.435	-40.01	median	-40.01	-40.01	702.0	42.66	NAVD88	2
292605095571301	-95.954	29.435	14.87	mean	14.87	14.89	590.0	94.92	NAVD88	6
292611095012901	-95.025	29.437	-23.12	mean	-23.12	-23.35	700.0	17.85	NAVD88	5
292611095563901	-95.944	29.437	12.81	mean	12.81	12.88	623.0	97.69	NAVD88	6
292617095065501	-95.116	29.438	-30.65	mean	-30.65	-29.61	736.0	18.93	NAVD88	6
292619095060601	-95.102	29.439	-31.13	mean	-31.13	-32.11	750.0	16.77	NAVD88	5
292623095164601	-95.280	29.440	-24.09	median	-24.09	-24.09	459.0	41.28	NAVD88	1
292627095165601	-95.282	29.441	-22.33	median	-22.33	-22.33	378.0	47.96	NAVD88	1
292708095155501	-95.266	29.453	-43.50	median	-43.50	-43.50	608.0	39.67	NAVD88	1
292720095155901	-95.267	29.456	-15.60	median	-15.60	-15.60	328.0	39.68	NAVD88	1
292727095345704	-95.583	29.458	-10.21	mean	-10.21	-10.03	500.0	65.92	NAVD88	6
292729095175201	-95.298	29.458	-9.44	median	-9.44	-9.44	316.0	49.54	NAVD88	1
292738095191501	-95.321	29.461	-45.84	median	-45.84	-45.84	577.0	52.13	NAVD88	1
292800095193501	-95.327	29.467	-44.80	median	-44.80	-44.80	548.0	50.50	NAVD88	1
292829095144101	-95.245	29.475	-31.71	median	-31.71	-31.71	360.0	37.72	NAVD88	1
292841094584901	-94.984	29.481	-27.71	median	-27.71	-27.71	660.0	10.71	NAVD88	2
292848094590001	-94.981	29.478	-24.54	mean	-24.54	-23.59	651.0	10.42	NAVD88	6
292853095381301	-95.637	29.482	-16.34	median	-15.93	-16.34	803.0	71.30	NAVD88	3
292857095230801	-95.386	29.483	-20.15	median	-20.15	-20.15	561.0	55.00	NAVD88	1
292859095380501	-95.635	29.483	-21.89	median	-21.89	-21.89	853.0	67.91	NAVD88	2
292900094585501	-94.983	29.483	-24.92	mean	-24.92	-24.14	664.0	12.66	NAVD88	6
292900096015901	-96.033	29.484	20.41	mean	20.41	20.35	526.0	114.93	NAVD88	6
292903095375501	-95.632	29.484	-16.61	mean	-16.61	-16.48	702.0	72.84	NAVD88	7
292913094584301	-94.979	29.487	-26.39	mean	-26.39	-25.58	666.0	11.49	NAVD88	6
292927095195801	-95.333	29.491	-11.28	mean	-11.28	-11.30	480.0	55.98	NAVD88	6
292931095333801	-95.561	29.492	-7.24	mean	-7.24	-7.06	345.0	57.17	NAVD88	6
292933095335301	-95.565	29.493	-6.23	mean	-6.23	-5.97	400.0	58.72	NAVD88	6
292935094583301	-94.978	29.492	-33.02	median	-32.92	-33.02	670.0	11.47	NAVD88	3
292936096012701	-96.024	29.494	19.69	mean	19.69	19.70	324.0	111.42	NAVD88	5
292944095550101	-95.917	29.496	6.25	median	6.73	6.25	975.0	108.40	NAVD88	6
292951095335201	-95.565	29.498	-5.73	mean	-5.73	-5.44	375.0	59.80	NAVD88	5
293001095274601	-95.463	29.501	-14.77	mean	-14.77	-14.64	524.0	63.21	NAVD88	6
293004095054601	-95.096	29.501	-33.29	median	-33.29	-33.29	760.0	19.81	NAVD88	1
293005095151801	-95.255	29.515	-42.55	mean	-42.55	-41.89	591.0	40.74	NAVD88	6
293007096002001	-96.006	29.502	19.16	mean	19.16	19.20	270.0	111.49	NAVD88	6
293039095053201	-95.093	29.511	-36.50	mean	-36.50	-36.02	560.0	15.43	NAVD88	4
293040095260001	-95.434	29.511	-13.31	mean	-13.31	-13.25	795.0	66.77	NAVD88	6
293114096001001	-96.003	29.521	19.70	mean	19.70	19.70	304.0	114.97	NAVD88	6
293132095283301	-95.476	29.526	-47.22	mean	-47.22	-48.42	1320.0	72.49	NAVD88	6
293137095182901	-95.308	29.527	-35.96	median	-35.96	-35.96	302.0	48.99	NAVD88	1
293140095214001	-95.361	29.528	-43.36	median	-43.36	-43.36	710.0	57.13	NAVD88	1
293148095060801	-95.103	29.530	-49.02	median	-47.63	-49.02	636.0	11.35	NAVD88	6
293148095075801	-95.133	29.530	-39.35	median	-39.35	-39.35	387.0	20.06	NAVD88	1
293152095251801	-95.422	29.531	-0.52	median	-0.52	-0.52	315.0	63.33	NAVD88	1
293156094515501	-94.866	29.532	-22.10	mean	-22.10	-21.70	683.0	0.00	NAVD88	5
293202095070301	-95.118	29.533	-40.12	mean	-40.12	-38.25	645.0	20.65	NAVD88	6
293207095061501	-95.104	29.535	-42.05	median	-39.05	-42.05	664.0	18.37	NAVD88	6
293219095485701	-95.816	29.539	-13.36	mean	-13.36	-13.16	1313.0	99.48	NAVD88	5
293222095020301	-95.034	29.540	-34.17	median	-34.17	-34.17	590.0	6.86	NAVD88	1
293223095010701	-95.019	29.540	-52.17	median	-52.17	-52.17	563.0	11.71	NAVD88	1
293226095471601	-95.788	29.541	-18.92	mean	-18.92	-18.79	1580.0	94.17	NAVD88	6
293230095024701	-95.047	29.542	-41.28	mean	-41.28	-43.33	705.0	8.92	NAVD88	5
293237095504801	-95.847	29.544	-12.00	mean	-12.00	-12.07	1178.0	102.96	NAVD88	7
293243095165201	-95.281	29.546	-44.51	median	-45.47	-44.51	830.0	47.71	NAVD88	3
293245095414801	-95.697	29.546	-18.34	mean	-18.34	-18.22	840.0	81.17	NAVD88	6
293247095054601	-95.096	29.546	-40.02	mean	-40.02	-38.75	680.0	16.22	NAVD88	6
293247095054602	-95.096	29.547	-40.51	mean	-40.51	-38.80	680.0	15.57	NAVD88	6
293305095353501	-95.593	29.552	-37.66	mean	-37.66	-37.76	711.0	66.12	NAVD88	6
293306095050801	-95.084	29.552	-38.29	mean	-38.29	-36.77	680.0	12.12	NAVD88	6
293306095054101	-95.096	29.552	-37.60	mean	-37.60	-37.04	770.0	19.65	NAVD88	77
293307095545601	-95.916	29.552	15.93	mean	15.93	15.11	915.0	113.39	NAVD88	5
293312095071501	-95.121	29.554	-39.62	mean	-39.62	-38.82	660.0	20.16	NAVD88	6
293315095063401	-95.110	29.554	-39.58	mean	-39.58	-39.23	657.0	17.79	NAVD88	6
293321095550901	-95.922	29.561	15.29	mean	15.29	15.43	770.0	110.65	NAVD88	6
293338095451901	-95.756	29.561	5.90	mean	5.90	6.14	500.0	92.31	NAVD88	5
293344095082301	-95.140	29.563	-41.35	mean	-41.35	-43.17	635.0	32.37	NAVD88	6
293348095070601	-95.119	29.564	-42.86	mean	-42.86	-42.86	1232.0	18.93	NAVD88	77
293348095070602	-95.119	29.564	-32.54	mean	-32.54	-31.96	392.0	18.93	NAVD88	76
293348095070603	-95.119	29.564	-43.12	mean	-43.12	-43.14	957.0	18.93	NAVD88	76
293349095070901	-95.119	29.564	-47.59	mean	-47.59	-47.64	1740.0	19.68	NAVD88	78
293351095171602	-95.288	29.564	-46.87	mean	-46.87	-46.63	645.0	47.17	NAVD88	6
293352095011601	-95.021	29.565	-37.62	mean	-37.62	-37.39	1381.0	8.28	NAVD88	78
293352095011602	-95.021	29.565	-37.90	mean	-37.90	-37.69	1381.0	8.05	NAVD88	78
293352095011603	-95.021	29.565	-37.29	mean	-37.29	-37.30	1308.0	8.05	NAVD88	78
293352095011605	-95.021	29.565	-22.49	mean	-22.49	-22.44	300.0	8.05	NAVD88	77
293352095011606	-95.021	29.565	-35.93	mean	-35.93	-35.11	920.0	8.05	NAVD88	77
293357095070801	-95.119	29.566	-40.21	mean	-40.21	-38.83	630.0	19.77	NAVD88	6
293400095072601	-95.124	29.567	-39.33	median	-43.34	-39.33	635.0	23.80	NAVD88	6
293402095054401	-95.096	29.567	-45.68	median	-45.81	-45.68	600.0	17.87	NAVD88	3
293402095593201	-95.993	29.567	21.34	mean	21.34	21.28	245.0	119.41	NAVD88	6
293416095170701	-95.286	29.572	-44.28	mean	-44.28	-43.61	1300.0	46.07	NAVD88	6
293424095031001	-95.053	29.574	-39.44	mean	-39.44	-37.53	624.0	11.64	NAVD88	6
293424095330701	-95.552	29.574	-55.68	mean	-55.68	-55.03	1200.0	65.75	NAVD88	6
293424095330702	-95.552	29.573	-53.62	mean	-53.62	-53.39	1320.0	67.65	NAVD88	6
293443095014601	-95.030	29.579	-49.39	median	-49.39	-49.39	665.0	14.87	NAVD88	1
293446095033901	-95.061	29.580	-39.31	mean	-39.31	-37.77	660.0	15.15	NAVD88	6
293450095210201	-95.351	29.581	-55.43	median	-55.43	-55.43	532.0	52.19	NAVD88	1
293453095283501	-95.477	29.582	-55.23	mean	-55.23	-55.14	565.0	68.44	NAVD88	6
293455095375701	-95.633	29.582	-22.93	mean	-22.93	-23.09	463.0	70.03	NAVD88	6
293458095454301	-95.762	29.583	-4.03	median	-3.75	-4.03	518.0	90.75	NAVD88	6
293504095200401	-95.335	29.585	-37.31	median	-37.31	-37.31	320.0	46.64	NAVD88	1
293506095481101	-95.803	29.585	6.70	mean	6.70	7.15	305.0	88.36	NAVD88	5
293527095271501	-95.454	29.591	-62.05	mean	-62.05	-64.77	1050.0	61.46	NAVD88	5
293528095515701	-95.869	29.592	16.79	mean	16.79	16.73	422.0	116.27	NAVD88	5
293533095242401	-95.407	29.593	-32.79	median	-32.79	-32.79	355.0	62.21	NAVD88	1
293539095054201	-95.098	29.593	-42.38	median	-42.38	-42.38	610.0	17.28	NAVD88	1
293543095134201	-95.229	29.596	-55.15	mean	-55.15	-55.08	1135.0	32.39	NAVD88	4
293543095274901	-95.464	29.596	-66.92	mean	-66.92	-64.25	1220.0	63.26	NAVD88	8
293545095101101	-95.170	29.596	-46.11	median	-46.11	-46.11	583.0	26.24	NAVD88	1
293545095253001	-95.425	29.596	-57.71	median	-57.71	-57.71	678.0	58.84	NAVD88	1
293546095101501	-95.171	29.596	-41.25	median	-41.25	-41.25	558.0	28.39	NAVD88	2
293600095275901	-95.467	29.600	-69.52	median	-69.52	-69.52	910.0	61.25	NAVD88	2
293604095554101	-95.928	29.601	19.70	mean	19.70	20.09	280.0	111.25	NAVD88	6
293606095315401	-95.532	29.602	-62.34	mean	-62.34	-61.71	1190.0	77.22	NAVD88	6
293606095555301	-95.932	29.602	19.16	mean	19.16	19.34	292.0	111.36	NAVD88	5
293609095553001	-95.925	29.603	22.37	mean	22.37	22.53	293.0	110.64	NAVD88	5
293611095271901	-95.456	29.603	-65.71	median	-67.13	-65.71	900.0	61.72	NAVD88	3
293611095271902	-95.456	29.603	-66.50	median	-68.15	-66.50	1230.0	61.72	NAVD88	3
293613095262601	-95.441	29.604	-28.95	median	-28.95	-28.95	380.0	58.60	NAVD88	1
293635095294101	-95.495	29.610	-74.56	mean	-74.56	-75.25	1220.0	67.41	NAVD88	9
293636095133801	-95.228	29.610	-64.07	median	-64.07	-64.07	1210.0	37.49	NAVD88	2
293636095300401	-95.501	29.610	-67.88	mean	-67.88	-66.38	1032.0	66.41	NAVD88	8
293641095545001	-95.914	29.612	19.96	mean	19.96	20.54	438.0	114.91	NAVD88	5
293642095361901	-95.606	29.612	-37.74	mean	-37.74	-37.38	550.0	72.25	NAVD88	6
293644095045501	-95.082	29.613	-41.12	mean	-41.12	-42.31	618.0	13.50	NAVD88	6
293647095325701	-95.549	29.613	-57.83	mean	-57.83	-57.75	690.0	77.18	NAVD88	6
293648095394601	-95.663	29.614	-12.41	mean	-12.41	-11.79	407.0	76.31	NAVD88	6
293652095293601	-95.494	29.615	-73.68	mean	-73.68	-73.08	1190.0	66.26	NAVD88	7
293704095440401	-95.735	29.618	-16.38	mean	-16.38	-16.33	530.0	80.00	NAVD88	5
293709095024801	-95.047	29.619	-42.44	mean	-42.44	-43.67	650.0	10.05	NAVD88	6
293709095024802	-95.047	29.619	-45.06	mean	-45.06	-47.84	950.0	10.05	NAVD88	6
293717095380501	-95.638	29.622	-53.67	mean	-53.67	-54.54	1565.0	81.05	NAVD88	5
293717095380801	-95.636	29.622	-42.18	median	-42.18	-42.18	726.0	78.94	NAVD88	1
293719095381601	-95.637	29.622	-43.66	mean	-43.66	-43.91	876.0	81.35	NAVD88	5
293720095381101	-95.634	29.622	-52.01	mean	-52.01	-50.21	1025.0	75.02	NAVD88	5
293722095150101	-95.251	29.623	-39.37	median	-39.37	-39.37	348.0	41.99	NAVD88	1
293724095115901	-95.200	29.624	-56.05	mean	-56.05	-58.62	832.0	40.47	NAVD88	4
293725095282802	-95.475	29.624	-74.33	mean	-74.33	-75.63	1270.0	57.01	NAVD88	5
293729095311601	-95.521	29.625	-66.47	median	-70.30	-66.47	1200.0	68.71	NAVD88	6
293729095440301	-95.734	29.617	-23.84	mean	-23.84	-23.73	1410.0	80.00	NAVD88	5
293730095443301	-95.743	29.625	-0.20	median	-0.27	-0.20	314.0	83.77	NAVD88	6
293732095044101	-95.078	29.626	-44.41	mean	-44.41	-45.66	587.0	7.81	NAVD88	5
293732095300601	-95.502	29.626	-72.59	mean	-72.59	-71.77	1200.0	66.00	NAVD88	6
293733095303701	-95.511	29.626	-63.98	mean	-63.98	-63.32	1200.0	68.74	NAVD88	5
293734095293701	-95.494	29.626	-72.87	mean	-72.87	-72.06	1204.0	62.89	NAVD88	9
293736095285301	-95.482	29.627	-75.03	mean	-75.03	-75.82	1190.0	58.42	NAVD88	7
293736095365501	-95.617	29.629	-69.71	mean	-69.71	-70.73	1665.0	81.80	NAVD88	6
293738095260502	-95.435	29.628	-67.59	median	-67.59	-67.59	1375.0	53.85	NAVD88	2
293759095171701	-95.288	29.633	-58.36	median	-58.36	-58.36	725.0	42.73	NAVD88	1
293812095380901	-95.636	29.637	-38.58	mean	-38.58	-37.75	549.0	82.75	NAVD88	6
293830095373201	-95.626	29.642	-68.83	mean	-68.83	-68.57	1775.0	83.52	NAVD88	5
293831095270901	-95.453	29.642	-72.76	mean	-72.76	-76.08	1436.0	60.59	NAVD88	5
293847095270401	-95.451	29.647	-83.01	mean	-83.01	-84.03	1966.0	61.95	NAVD88	5
293847095330601	-95.552	29.647	-70.41	mean	-70.41	-72.31	880.0	72.75	NAVD88	8
293849095270702	-95.452	29.647	-80.30	median	-78.72	-80.30	1267.0	61.96	NAVD88	3
293850095321401	-95.537	29.648	-57.88	median	-57.88	-57.88	888.0	67.07	NAVD88	1
293854095332001	-95.556	29.649	-78.69	median	-78.69	-78.69	1142.0	73.69	NAVD88	2
293906095171801	-95.289	29.652	-72.03	mean	-72.03	-73.44	1870.0	42.17	NAVD88	5
293909095012201	-95.023	29.653	-40.03	mean	-40.03	-41.28	578.0	14.58	NAVD88	6
293922095185501	-95.316	29.656	-76.08	mean	-76.08	-75.85	1840.0	33.76	NAVD88	5
293934095342201	-95.573	29.660	-70.37	mean	-70.37	-71.03	1030.0	77.39	NAVD88	8
293938095351001	-95.586	29.661	-99.58	mean	-99.58	-99.14	1102.0	79.70	NAVD88	7
293942095283101	-95.474	29.662	-88.16	median	-92.96	-88.16	1735.0	58.12	NAVD88	6
293942095283201	-95.476	29.662	-21.23	median	-21.23	-21.23	271.0	58.57	NAVD88	1
293946094532701	-94.891	29.663	-27.81	mean	-27.81	-28.59	709.0	23.03	NAVD88	4
293946095441701	-95.738	29.663	-2.29	median	-2.27	-2.29	528.0	98.79	NAVD88	6
293947095244501	-95.413	29.663	0.93	median	0.93	0.93	458.0	58.01	NAVD88	1
293949095321201	-95.537	29.664	-69.60	mean	-69.60	-67.16	955.0	67.49	NAVD88	8
293954095111201	-95.187	29.665	-37.15	mean	-37.15	-36.77	1419.0	34.53	NAVD88	71
293954095330701	-95.552	29.665	-87.96	median	-85.57	-87.96	1030.0	71.88	NAVD88	7
293956095120801	-95.203	29.666	-62.62	mean	-62.62	-60.00	1380.0	30.94	NAVD88	6
293956095295101	-95.498	29.666	-68.52	median	-68.52	-68.52	1645.0	61.56	NAVD88	2
294002095272301	-95.457	29.668	-62.48	mean	-62.48	-62.95	822.0	54.44	NAVD88	4
294002095351001	-95.588	29.667	-66.33	mean	-66.33	-65.79	1038.0	81.54	NAVD88	5
294010095350501	-95.584	29.666	-69.15	mean	-69.15	-69.51	1012.0	81.25	NAVD88	7
294026095021301	-95.037	29.674	-43.63	median	-43.63	-43.63	480.0	19.26	NAVD88	1
294026095362001	-95.606	29.674	-64.16	mean	-64.16	-61.85	1000.0	84.11	NAVD88	9
294029095354301	-95.596	29.675	-72.69	mean	-72.69	-73.57	1195.0	82.68	NAVD88	6
294031095554201	-95.929	29.676	16.33	mean	16.33	16.99	450.0	105.01	NAVD88	5
294035095243501	-95.410	29.677	-35.14	median	-35.14	-35.14	321.0	46.65	NAVD88	1
294043095504201	-95.845	29.679	3.55	median	3.19	3.55	550.0	106.82	NAVD88	6
294044095280502	-95.468	29.679	-75.45	mean	-75.45	-75.75	1492.0	51.64	NAVD88	7
294044095301001	-95.503	29.679	-77.22	median	-79.66	-77.22	1770.0	57.15	NAVD88	8
294045095584201	-95.979	29.679	9.88	mean	9.88	10.10	639.0	114.76	NAVD88	6
294047095345601	-95.582	29.680	-72.49	mean	-72.49	-72.47	960.0	80.24	NAVD88	5
294050095355501	-95.599	29.681	-68.09	mean	-68.09	-65.97	872.0	80.78	NAVD88	8
294059095271001	-95.453	29.683	-88.34	median	-88.34	-88.34	1870.0	47.73	NAVD88	1
294102095341401	-95.571	29.684	-77.73	median	-77.73	-77.73	900.0	71.19	NAVD88	2
294103095345101	-95.581	29.684	-89.69	mean	-89.69	-86.62	945.0	75.65	NAVD88	6
294104095295303	-95.498	29.668	-88.64	median	-88.64	-88.64	1745.0	59.75	NAVD88	1
294106095171201	-95.287	29.685	-66.32	mean	-66.32	-65.44	876.0	33.70	NAVD88	6
294106095455401	-95.765	29.685	-0.18	median	-0.19	-0.18	520.0	103.26	NAVD88	6
294107095262401	-95.440	29.686	-76.23	mean	-76.23	-74.91	1860.0	48.88	NAVD88	8
294117095162301	-95.273	29.688	-86.64	median	-84.72	-86.64	1770.0	20.41	NAVD88	3
294119095335601	-95.564	29.692	-102.41	median	-100.39	-102.41	1475.0	71.16	NAVD88	4
294123095585001	-95.981	29.690	23.32	mean	23.32	23.50	367.0	115.39	NAVD88	6
294127095342502	-95.574	29.691	-87.35	median	-85.02	-87.35	1450.0	71.22	NAVD88	4
294131095360701	-95.602	29.692	-73.36	mean	-73.36	-73.01	1650.0	80.50	NAVD88	4
294144095351002	-95.587	29.696	-86.54	mean	-86.54	-91.32	1445.0	73.41	NAVD88	7
294145095371201	-95.620	29.696	-68.91	median	-59.01	-68.91	1394.0	81.90	NAVD88	5
294147095344302	-95.579	29.696	-75.24	mean	-75.24	-75.08	1534.0	71.37	NAVD88	5
294149095363002	-95.608	29.696	-96.93	mean	-96.93	-100.04	1550.0	81.62	NAVD88	6
294158095024701	-95.047	29.700	-38.40	mean	-38.40	-38.66	591.0	25.09	NAVD88	6
294201095355601	-95.599	29.701	-82.82	median	-84.58	-82.82	1621.0	78.33	NAVD88	6
294203095345401	-95.582	29.701	-62.67	mean	-62.67	-60.62	810.0	72.46	NAVD88	7
294203095345402	-95.582	29.701	-106.50	median	-98.56	-106.50	1360.0	72.46	NAVD88	3
294206095162601	-95.274	29.702	-68.70	mean	-68.70	-67.52	995.0	31.09	NAVD88	77
294207095022001	-95.039	29.702	-55.67	mean	-55.67	-56.31	989.0	24.43	NAVD88	6
294207095043601	-95.077	29.702	-59.79	median	-59.79	-59.79	480.0	27.14	NAVD88	1
294209095045801	-95.083	29.703	-32.97	median	-32.97	-32.97	495.0	28.66	NAVD88	1
294211095370901	-95.619	29.703	-74.11	median	-72.05	-74.11	1320.0	80.92	NAVD88	7
294213095322001	-95.539	29.704	-84.24	mean	-84.24	-85.36	1510.0	67.89	NAVD88	10
294215095301502	-95.504	29.704	-96.57	mean	-96.57	-101.91	1550.0	64.25	NAVD88	7
294216095301601	-95.505	29.705	-80.66	median	-77.68	-80.66	972.0	63.81	NAVD88	7
294216095321501	-95.539	29.705	-73.30	median	-73.30	-73.30	1000.0	70.14	NAVD88	2
294219095470501	-95.787	29.708	-25.45	mean	-25.45	-25.42	1090.0	112.17	NAVD88	6
294219095583601	-95.977	29.706	23.09	mean	23.09	23.49	378.0	116.69	NAVD88	5
294230095232201	-95.390	29.709	-82.85	mean	-82.85	-80.74	1822.0	39.11	NAVD88	5
294237095093202	-95.159	29.711	-39.84	mean	-39.84	-39.06	390.0	27.78	NAVD88	79
294237095093205	-95.159	29.711	-60.39	mean	-60.39	-59.22	1328.0	27.78	NAVD88	77
294237095093206	-95.159	29.711	-61.13	mean	-61.13	-60.03	936.0	27.78	NAVD88	78
294237095093207	-95.159	29.711	-59.52	mean	-59.52	-59.14	1817.0	27.78	NAVD88	77
294237095093208	-95.159	29.711	-59.23	mean	-59.23	-58.09	730.0	27.78	NAVD88	78
294237095342301	-95.573	29.711	-88.72	median	-87.74	-88.72	1080.0	73.40	NAVD88	6
294237095351901	-95.589	29.711	-49.05	median	-49.05	-49.05	730.0	74.79	NAVD88	2
294243095371201	-95.620	29.712	-67.41	mean	-67.41	-71.65	1370.0	80.61	NAVD88	4
294245095233501	-95.393	29.713	-82.86	mean	-82.86	-80.97	1777.0	45.14	NAVD88	6
294251095225701	-95.383	29.714	-74.30	median	-79.07	-74.30	1670.0	42.16	NAVD88	8
294252095362101	-95.606	29.715	-89.55	mean	-89.55	-93.41	1610.0	77.67	NAVD88	6
294253095352701	-95.591	29.715	-88.51	mean	-88.51	-88.90	1188.0	73.76	NAVD88	71
294254095294601	-95.496	29.715	-63.97	median	-63.97	-63.97	440.0	63.66	NAVD88	1
294301095341801	-95.572	29.717	-102.40	mean	-102.40	-96.67	1610.0	75.86	NAVD88	9
294302095411801	-95.688	29.718	-9.99	mean	-9.99	-9.94	640.0	92.43	NAVD88	5
294306095371801	-95.622	29.719	-79.00	median	-79.00	-79.00	1305.0	77.20	NAVD88	1
294306095371802	-95.622	29.719	-54.61	median	-54.61	-54.61	880.0	77.20	NAVD88	2
294311095071401	-95.121	29.720	-57.91	mean	-57.91	-58.53	855.0	20.70	NAVD88	6
294313095365101	-95.614	29.721	-67.73	mean	-67.73	-67.55	1122.0	77.60	NAVD88	6
294315095133201	-95.226	29.721	-108.64	median	-96.60	-108.64	940.0	20.54	NAVD88	6
294317095313001	-95.524	29.722	-90.75	mean	-90.75	-94.54	1612.0	68.02	NAVD88	7
294319095305901	-95.517	29.722	-77.39	mean	-77.39	-74.67	1469.0	66.58	NAVD88	6
294321095302201	-95.506	29.723	-89.57	median	-89.57	-89.57	1462.0	63.06	NAVD88	1
294322095041701	-95.072	29.723	-40.55	mean	-40.55	-39.84	542.0	26.48	NAVD88	7
294323095300102	-95.501	29.723	-92.51	mean	-92.51	-94.85	1184.0	65.03	NAVD88	9
294326095133901	-95.228	29.724	-97.67	median	-87.81	-97.67	809.0	13.42	NAVD88	6
294326095293002	-95.492	29.724	-84.75	mean	-84.75	-86.18	1397.0	64.21	NAVD88	7
294326095371601	-95.621	29.724	-78.91	mean	-78.91	-78.17	1288.0	78.95	NAVD88	5
294327095132901	-95.225	29.724	-102.66	median	-92.06	-102.66	940.0	15.32	NAVD88	4
294327095232201	-95.390	29.724	-50.49	median	-50.49	-50.49	420.0	47.13	NAVD88	1
294328095290402	-95.485	29.725	-86.67	mean	-86.67	-85.66	1518.0	61.57	NAVD88	5
294329095284602	-95.480	29.725	-92.69	mean	-92.69	-93.93	1505.0	59.50	NAVD88	6
294329095284603	-95.480	29.725	-79.70	mean	-79.70	-75.48	646.0	59.50	NAVD88	5
294333095275602	-95.466	29.726	-92.03	median	-94.20	-92.03	1510.0	57.62	NAVD88	6
294334095032901	-95.058	29.727	-29.85	mean	-29.85	-29.45	510.0	11.99	NAVD88	7
294334095075001	-95.131	29.726	-43.09	mean	-43.09	-43.95	510.0	23.71	NAVD88	6
294335095273301	-95.459	29.727	-91.81	median	-91.81	-91.81	2015.0	56.29	NAVD88	2
294335095490401	-95.818	29.727	3.25	median	3.04	3.25	536.0	127.51	NAVD88	6
294336095064301	-95.112	29.727	-61.07	mean	-61.07	-59.71	1450.0	20.39	NAVD88	5
294336095082101	-95.139	29.727	-55.64	mean	-55.64	-54.71	913.0	29.53	NAVD88	6
294338095270401	-95.451	29.727	-64.56	median	-67.93	-64.56	1051.0	55.93	NAVD88	10
294338095270403	-95.451	29.727	-87.07	mean	-87.07	-84.01	1943.0	55.93	NAVD88	76
294338095270404	-95.451	29.727	-91.60	mean	-91.60	-87.90	1433.0	55.93	NAVD88	73
294338095270405	-95.451	29.727	-39.42	mean	-39.42	-39.24	253.0	55.93	NAVD88	77
294338095270406	-95.451	29.727	-69.06	mean	-69.06	-64.35	627.0	55.93	NAVD88	73
294340095311103	-95.520	29.728	-96.47	mean	-96.47	-98.56	1432.0	68.07	NAVD88	5
294341095063901	-95.111	29.728	-39.85	mean	-39.85	-39.29	501.0	21.25	NAVD88	5
294342095034601	-95.063	29.729	-40.14	mean	-40.14	-39.08	560.0	21.93	NAVD88	7
294348095270401	-95.451	29.730	-92.53	mean	-92.53	-90.78	1965.0	56.16	NAVD88	9
294348095303702	-95.511	29.728	-91.12	mean	-91.12	-92.39	1335.0	64.81	NAVD88	8
294349095072901	-95.125	29.731	-42.87	mean	-42.87	-41.50	530.0	24.12	NAVD88	6
294351095130401	-95.218	29.731	-37.77	mean	-37.77	-37.67	802.0	17.39	NAVD88	5
294352095385501	-95.649	29.731	-53.18	median	-68.58	-53.18	1420.0	89.19	NAVD88	4
294355095380701	-95.636	29.732	-43.10	mean	-43.10	-43.01	1066.0	82.37	NAVD88	4
294356095391501	-95.654	29.733	-35.21	median	-38.49	-35.21	800.0	91.71	NAVD88	6
294358095063801	-95.111	29.733	-41.95	median	-41.64	-41.95	502.0	19.67	NAVD88	3
294358095342601	-95.574	29.733	-57.22	median	-57.22	-57.22	672.0	75.42	NAVD88	1
294400095505301	-95.848	29.734	14.47	mean	14.47	14.61	628.0	139.41	NAVD88	6
294400095510801	-95.853	29.734	7.16	median	6.54	7.16	818.0	140.98	NAVD88	6
294402095294701	-95.497	29.734	-57.81	mean	-57.81	-57.97	610.0	64.37	NAVD88	6
294402095294702	-95.497	29.734	-92.80	median	-86.06	-92.80	1960.0	64.37	NAVD88	4
294403095141801	-95.239	29.734	-70.67	mean	-70.67	-68.72	1201.0	27.36	NAVD88	6
294407095054301	-95.096	29.736	-40.25	median	-40.25	-40.25	500.0	22.15	NAVD88	1
294407095403701	-95.688	29.718	-14.42	mean	-14.42	-14.50	471.0	93.37	NAVD88	5
294409095105501	-95.182	29.736	-82.90	median	-77.82	-82.90	1967.0	20.57	NAVD88	5
294410095105101	-95.181	29.736	-68.82	mean	-68.82	-69.25	1220.0	20.60	NAVD88	5
294414095364201	-95.612	29.738	-75.74	median	-75.74	-75.74	1300.0	79.77	NAVD88	2
294414095364202	-95.612	29.738	-83.41	mean	-83.41	-82.69	1322.0	79.77	NAVD88	4
294415095165301	-95.282	29.738	-66.79	mean	-66.79	-67.88	900.0	15.02	NAVD88	6
294416095381001	-95.636	29.738	-43.01	median	-52.86	-43.01	1190.0	82.00	NAVD88	5
294418095550901	-95.919	29.739	14.10	mean	14.10	15.09	583.0	157.33	NAVD88	5
294420095202601	-95.341	29.739	-80.80	median	-80.80	-80.80	600.0	39.34	NAVD88	1
294424095100401	-95.168	29.740	-65.41	mean	-65.41	-65.32	1740.0	8.29	NAVD88	7
294425095100801	-95.169	29.741	-44.22	mean	-44.22	-44.59	477.0	8.55	NAVD88	4
294425095101601	-95.171	29.741	-65.10	mean	-65.10	-65.01	1252.0	9.29	NAVD88	7
294426095330501	-95.552	29.741	-71.75	median	-71.75	-71.75	750.0	72.03	NAVD88	2
294428095384501	-95.646	29.741	-58.36	median	-63.13	-58.36	1314.0	89.73	NAVD88	5
294433095044701	-95.080	29.743	-32.64	mean	-32.64	-32.34	256.0	18.40	NAVD88	74
294433095550801	-95.919	29.743	15.46	median	15.46	15.46	335.0	158.38	NAVD88	2
294436095263401	-95.443	29.744	-31.41	median	-31.41	-31.41	470.0	57.69	NAVD88	1
294439095295601	-95.499	29.744	-73.64	median	-73.64	-73.64	440.0	62.46	NAVD88	1
294441095062901	-95.108	29.745	-37.41	median	-37.41	-37.41	260.0	14.31	NAVD88	1
294445095141101	-95.237	29.746	-66.54	mean	-66.54	-66.09	1350.0	27.39	NAVD88	6
294446095254401	-95.429	29.746	-59.50	median	-59.50	-59.50	401.0	57.06	NAVD88	1
294451095370301	-95.618	29.748	-73.81	median	-73.81	-73.81	1173.0	83.35	NAVD88	1
294452095354501	-95.596	29.748	-106.89	mean	-106.89	-102.19	1450.0	78.37	NAVD88	7
294457095253401	-95.426	29.749	-63.62	median	-63.62	-63.62	479.0	55.77	NAVD88	1
294458095044601	-95.080	29.750	-38.59	mean	-38.59	-38.23	521.0	21.80	NAVD88	5
294459094560301	-94.934	29.750	-23.82	mean	-23.82	-23.41	390.0	20.38	NAVD88	6
294459095343801	-95.578	29.750	-94.12	mean	-94.12	-92.67	1356.0	76.53	NAVD88	5
294500095073401	-95.127	29.751	-63.62	mean	-63.62	-63.75	1230.0	23.38	NAVD88	6
294501095343601	-95.577	29.751	-69.97	median	-74.11	-69.97	967.0	76.30	NAVD88	9
294502095253901	-95.428	29.751	-61.11	median	-61.11	-61.11	455.0	54.87	NAVD88	1
294504094553601	-94.925	29.751	-21.15	mean	-21.15	-20.16	402.0	17.96	NAVD88	5
294508095251801	-95.422	29.753	-62.85	median	-62.85	-62.85	475.0	56.26	NAVD88	1
294514095515501	-95.866	29.754	8.42	mean	8.42	8.58	346.0	146.65	NAVD88	5
294517095084101	-95.145	29.755	-65.24	mean	-65.24	-65.09	1140.0	23.62	NAVD88	6
294518095254801	-95.430	29.755	-72.66	mean	-72.66	-76.72	1227.0	49.81	NAVD88	6
294518095392901	-95.658	29.755	-17.79	mean	-17.79	-17.80	678.0	92.81	NAVD88	4
294518095393401	-95.660	29.755	-18.78	mean	-18.78	-18.76	583.0	92.81	NAVD88	4
294521094545901	-94.916	29.756	-23.56	mean	-23.56	-23.21	409.0	16.13	NAVD88	7
294522095495401	-95.832	29.756	5.26	mean	5.26	5.21	365.0	133.41	NAVD88	5
294523094544401	-94.912	29.756	-23.05	mean	-23.05	-21.72	403.0	17.94	NAVD88	7
294523095015201	-95.031	29.757	-38.57	mean	-38.57	-37.12	486.0	19.92	NAVD88	13
294523095015202	-95.031	29.757	-33.77	median	-33.94	-33.77	524.0	19.92	NAVD88	39
294527095014901	-95.031	29.758	-32.26	mean	-32.26	-31.17	512.0	24.12	NAVD88	75
294527095014904	-95.031	29.758	-28.41	mean	-28.41	-28.82	234.0	24.12	NAVD88	58
294527095014905	-95.031	29.758	-30.39	mean	-30.39	-29.80	324.0	24.12	NAVD88	77
294527095014910	-95.031	29.758	-32.77	mean	-32.77	-31.93	431.0	23.87	NAVD88	77
294527095014911	-95.031	29.758	-39.14	mean	-39.14	-38.63	1475.0	23.87	NAVD88	77
294527095014912	-95.031	29.758	-49.46	mean	-49.46	-49.00	1365.0	24.12	NAVD88	76
294529095371801	-95.622	29.758	-67.91	median	-67.91	-67.91	1220.0	85.36	NAVD88	1
294537095225801	-95.383	29.761	-57.68	median	-66.13	-57.68	1980.0	45.02	NAVD88	3
294537095360401	-95.601	29.761	-48.23	median	-48.23	-48.23	895.0	68.45	NAVD88	2
294537095360402	-95.601	29.761	-81.86	mean	-81.86	-81.08	1225.0	68.45	NAVD88	7
294538095344601	-95.579	29.761	-32.59	mean	-32.59	-33.30	467.0	74.39	NAVD88	6
294540095510401	-95.851	29.761	6.56	mean	6.56	6.58	421.0	142.10	NAVD88	6
294541095232901	-95.392	29.762	-90.66	mean	-90.66	-88.94	1644.0	22.12	NAVD88	6
294541095523201	-95.876	29.762	8.94	mean	8.94	8.56	575.0	146.67	NAVD88	5
294542095010501	-95.018	29.762	-46.59	mean	-46.59	-46.59	1727.0	21.01	NAVD88	27
294545095223801	-95.377	29.763	-81.37	mean	-81.37	-80.35	2020.0	38.90	NAVD88	7
294545095292301	-95.490	29.763	-87.27	mean	-87.27	-91.73	1146.0	59.98	NAVD88	6
294546095274101	-95.462	29.763	-58.61	median	-58.61	-58.61	452.0	45.93	NAVD88	1
294548095310701	-95.519	29.764	-89.36	median	-89.36	-89.36	1235.0	72.88	NAVD88	1
294548095461901	-95.772	29.764	-1.48	median	-1.38	-1.48	400.0	124.99	NAVD88	3
294548095481401	-95.805	29.762	-21.28	mean	-21.28	-21.23	1022.0	129.05	NAVD88	6
294558095344301	-95.579	29.766	-39.93	mean	-39.93	-39.80	767.0	66.24	NAVD88	6
294601095041901	-95.074	29.767	-33.93	mean	-33.93	-31.88	462.0	24.30	NAVD88	6
294601095225801	-95.383	29.767	-88.66	mean	-88.66	-87.95	1960.0	44.67	NAVD88	6
294602095092403	-95.157	29.767	-37.09	mean	-37.09	-36.53	210.0	24.21	NAVD88	6
294602095092405	-95.157	29.767	-38.39	mean	-38.39	-37.62	310.0	24.21	NAVD88	6
294604095144801	-95.247	29.768	-72.42	mean	-72.42	-70.49	895.0	31.86	NAVD88	6
294613095172601	-95.291	29.771	-61.40	mean	-61.40	-61.20	676.0	41.72	NAVD88	4
294617095274801	-95.464	29.772	-46.41	median	-46.41	-46.41	321.0	62.30	NAVD88	1
294619095142701	-95.242	29.773	-73.11	mean	-73.11	-71.67	1007.0	29.41	NAVD88	6
294623095351301	-95.587	29.773	-50.09	median	-55.23	-50.09	895.0	81.42	NAVD88	7
294623095351401	-95.588	29.773	-91.41	median	-91.41	-91.41	1310.0	81.81	NAVD88	1
294624095085901	-95.150	29.774	-38.15	median	-38.15	-38.15	370.0	24.95	NAVD88	1
294627095375801	-95.637	29.754	-74.42	mean	-74.42	-76.75	1135.0	88.95	NAVD88	8
294637094592501	-94.990	29.777	-28.07	mean	-28.07	-28.05	515.0	25.39	NAVD88	6
294637095022901	-95.042	29.777	-32.32	mean	-32.32	-32.08	500.0	24.07	NAVD88	6
294642095114901	-95.197	29.779	-66.20	mean	-66.20	-66.22	852.0	23.56	NAVD88	4
294643095370001	-95.617	29.779	-40.77	median	-40.77	-40.77	662.0	78.47	NAVD88	1
294645095104401	-95.179	29.779	-70.58	mean	-70.58	-68.12	1220.0	26.09	NAVD88	6
294645095150501	-95.252	29.779	-38.35	median	-38.35	-38.35	380.0	31.28	NAVD88	1
294651095303301	-95.509	29.781	-103.59	mean	-103.59	-103.04	1570.0	68.06	NAVD88	5
294656095382501	-95.641	29.782	-79.16	mean	-79.16	-77.85	1170.0	92.67	NAVD88	8
294659095375801	-95.633	29.783	-73.08	median	-73.08	-73.08	995.0	84.97	NAVD88	2
294659095375802	-95.633	29.783	-86.27	median	-86.27	-86.27	716.0	84.97	NAVD88	2
294702095364001	-95.611	29.784	-82.40	median	-82.40	-82.40	1010.0	84.31	NAVD88	2
294702095394001	-95.664	29.783	-80.27	median	-80.07	-80.27	1288.0	94.05	NAVD88	8
294704095462001	-95.772	29.785	1.98	median	2.13	1.98	808.0	133.88	NAVD88	3
294707095372201	-95.624	29.786	-82.78	mean	-82.78	-81.80	1670.0	60.64	NAVD88	8
294708095322601	-95.541	29.786	-42.84	median	-42.84	-42.84	349.0	80.81	NAVD88	1
294708095363201	-95.609	29.786	-85.94	median	-92.07	-85.94	1140.0	82.93	NAVD88	6
294714094382001	-94.639	29.788	-3.75	median	-3.04	-3.75	350.0	20.00	NAVD88	4
294717095401001	-95.670	29.788	-66.98	mean	-66.98	-65.42	1641.0	99.08	NAVD88	7
294721095283201	-95.476	29.789	-91.29	mean	-91.29	-86.09	1665.0	65.78	NAVD88	7
294721095361001	-95.603	29.789	-68.21	median	-68.07	-68.21	1135.0	84.34	NAVD88	5
294722095165901	-95.283	29.790	-68.96	mean	-68.96	-68.81	897.0	37.81	NAVD88	6
294723095370501	-95.618	29.790	-94.85	mean	-94.85	-91.88	1712.0	90.60	NAVD88	4
294723095382601	-95.641	29.790	-80.47	median	-80.47	-80.47	1238.0	94.15	NAVD88	2
294724095351401	-95.587	29.790	-92.38	mean	-92.38	-97.88	1575.0	90.91	NAVD88	8
294725095295801	-95.500	29.791	-10.03	median	-10.03	-10.03	320.0	69.66	NAVD88	1
294726095351102	-95.586	29.791	-94.69	mean	-94.69	-94.17	1802.0	91.06	NAVD88	76
294726095351104	-95.587	29.791	-22.56	mean	-22.56	-22.56	237.0	90.16	NAVD88	78
294728095200102	-95.334	29.791	-92.94	mean	-92.94	-93.26	1596.0	46.01	NAVD88	75
294728095200103	-95.334	29.791	-60.92	mean	-60.92	-60.25	487.0	46.01	NAVD88	76
294728095200104	-95.334	29.791	-74.98	mean	-74.98	-74.06	1035.0	46.01	NAVD88	77
294728095200105	-95.334	29.791	-35.65	mean	-35.65	-35.59	298.0	46.01	NAVD88	77
294731095414201	-95.694	29.788	-64.04	median	-62.03	-64.04	1336.0	108.90	NAVD88	3
294732095103401	-95.177	29.794	-67.04	mean	-67.04	-66.85	1198.0	29.72	NAVD88	6
294732095205701	-95.349	29.793	-59.30	median	-59.30	-59.30	523.0	46.72	NAVD88	1
294742095160101	-95.267	29.795	-65.75	mean	-65.75	-65.66	934.0	34.59	NAVD88	30
294745095331101	-95.553	29.796	-47.07	mean	-47.07	-47.32	643.0	90.29	NAVD88	4
294747095444701	-95.747	29.797	-39.26	median	-36.52	-39.26	1210.0	125.97	NAVD88	5
294752095242102	-95.406	29.798	-87.38	mean	-87.38	-90.45	1465.0	62.45	NAVD88	6
294753095454001	-95.762	29.797	-34.69	mean	-34.69	-34.57	1170.0	133.10	NAVD88	6
294800095344101	-95.578	29.800	-106.90	mean	-106.90	-103.69	1165.0	91.40	NAVD88	8
294803095105701	-95.183	29.801	-71.34	mean	-71.34	-70.71	1160.0	31.65	NAVD88	6
294807095484901	-95.819	29.803	5.70	mean	5.70	5.69	240.0	146.98	NAVD88	26
294808095485401	-95.820	29.802	-12.47	median	-13.70	-12.47	710.0	146.00	NAVD88	6
294812095013001	-95.025	29.804	-29.61	mean	-29.61	-29.85	498.0	31.35	NAVD88	6
294815095201701	-95.338	29.805	-95.63	mean	-95.63	-98.12	2080.0	44.96	NAVD88	4
294816095242501	-95.407	29.805	-98.91	mean	-98.91	-96.49	1890.0	61.73	NAVD88	7
294820095342001	-95.573	29.806	-32.81	median	-32.81	-32.81	452.0	94.23	NAVD88	1
294820095342002	-95.573	29.806	-104.66	mean	-104.66	-104.25	1573.0	94.23	NAVD88	6
294828094582401	-94.974	29.808	-25.07	median	-25.07	-25.07	350.0	36.13	NAVD88	1
294836095241902	-95.406	29.810	-89.78	median	-94.52	-89.78	1455.0	63.75	NAVD88	6
294844095200901	-95.336	29.812	-94.13	mean	-94.13	-93.95	1980.0	47.42	NAVD88	5
294849095022801	-95.041	29.814	-28.71	mean	-28.71	-28.17	480.0	35.12	NAVD88	6
294849095034701	-95.063	29.814	-29.99	mean	-29.99	-29.93	482.0	33.13	NAVD88	6
294855095542001	-95.906	29.816	14.39	mean	14.39	13.77	653.0	164.89	NAVD88	5
294900095312101	-95.523	29.817	-96.09	mean	-96.09	-95.76	1451.0	84.54	NAVD88	4
294901095221001	-95.370	29.817	-69.40	mean	-69.40	-68.09	1152.0	61.62	NAVD88	76
294902095133501	-95.227	29.817	-68.78	mean	-68.78	-69.13	1429.0	32.01	NAVD88	7
294909095200301	-95.334	29.819	-95.29	median	-95.56	-95.29	1839.0	51.32	NAVD88	3
294913095305801	-95.516	29.821	-106.79	mean	-106.79	-105.18	1720.0	83.25	NAVD88	4
294916095314601	-95.530	29.821	-105.92	mean	-105.92	-104.27	1454.0	88.44	NAVD88	6
294921095312901	-95.525	29.823	-83.34	median	-81.55	-83.34	1455.0	85.16	NAVD88	3
294921095312907	-95.525	29.823	-64.29	mean	-64.29	-60.31	734.0	85.16	NAVD88	7
294924095024301	-95.046	29.824	-26.77	mean	-26.77	-26.93	510.0	39.35	NAVD88	6
294925095341201	-95.570	29.825	-110.23	mean	-110.23	-109.56	1528.0	96.44	NAVD88	6
294930095125401	-95.215	29.825	-67.16	mean	-67.16	-66.35	1500.0	34.97	NAVD88	7
294931095240801	-95.403	29.826	-91.15	mean	-91.15	-87.84	1880.0	68.85	NAVD88	6
294932094551401	-94.921	29.826	-24.88	mean	-24.88	-23.68	375.0	26.28	NAVD88	6
294932095132601	-95.224	29.826	-77.25	mean	-77.25	-77.02	1548.0	34.84	NAVD88	7
294932095200601	-95.335	29.826	-54.77	median	-55.63	-54.77	1901.0	62.67	NAVD88	4
294939095243001	-95.409	29.828	-81.64	median	-81.64	-81.64	565.0	71.64	NAVD88	1
294948095441001	-95.736	29.830	5.07	median	5.75	5.07	359.0	136.55	NAVD88	3
294950095313701	-95.527	29.831	-104.50	mean	-104.50	-103.98	1485.0	89.81	NAVD88	6
294952095342601	-95.574	29.831	-105.70	mean	-105.70	-104.29	1200.0	98.58	NAVD88	5
294953095065601	-95.116	29.832	-0.23	median	-0.23	-0.23	1575.0	39.25	NAVD88	1
294958095200301	-95.334	29.833	-120.57	median	-120.57	-120.57	1970.0	63.07	NAVD88	1
294959095405501	-95.683	29.834	-54.21	mean	-54.21	-53.62	1075.0	115.76	NAVD88	6
295001094544401	-94.912	29.834	-21.40	median	-23.73	-21.40	922.0	25.25	NAVD88	3
295001095240302	-95.401	29.834	-106.17	median	-104.99	-106.17	1290.0	66.75	NAVD88	6
295005095070301	-95.118	29.835	-91.22	median	-91.22	-91.22	1527.0	39.22	NAVD88	2
295005095071301	-95.121	29.835	-60.94	median	-60.94	-60.94	1570.0	39.41	NAVD88	2
295010095393901	-95.661	29.836	-6.52	median	-6.52	-6.52	275.0	108.98	NAVD88	1
295014095033701	-95.061	29.837	-14.58	median	-14.58	-14.58	275.0	37.96	NAVD88	1
295015095335201	-95.565	29.838	-18.60	median	-18.60	-18.60	310.0	100.01	NAVD88	1
295019095240801	-95.403	29.839	-107.46	mean	-107.46	-106.30	1770.0	65.64	NAVD88	8
295020095332702	-95.558	29.839	-106.38	median	-106.38	-106.38	1062.0	99.48	NAVD88	1
295029095022001	-95.039	29.842	-24.47	median	-24.47	-24.47	265.0	36.05	NAVD88	1
295029095200101	-95.334	29.842	-92.32	mean	-92.32	-91.22	1940.0	64.99	NAVD88	4
295034095533501	-95.893	29.843	19.04	mean	19.04	18.98	450.0	171.48	NAVD88	6
295044095565201	-95.948	29.846	13.93	mean	13.93	13.97	1064.0	180.04	NAVD88	6
295048095240801	-95.403	29.847	-102.06	mean	-102.06	-103.30	1820.0	68.80	NAVD88	5
295050095200101	-95.334	29.848	-65.29	median	-65.53	-65.29	1846.0	78.13	NAVD88	3
295050095274201	-95.462	29.848	-102.83	mean	-102.83	-101.66	1120.0	70.11	NAVD88	5
295111094591601	-94.988	29.853	-23.22	median	-23.22	-23.22	300.0	35.10	NAVD88	1
295111095174301	-95.296	29.853	-61.23	median	-61.44	-61.23	835.0	46.78	NAVD88	3
295116095200401	-95.335	29.855	-85.79	mean	-85.79	-86.36	1986.0	57.31	NAVD88	6
295130095241201	-95.404	29.859	-106.50	mean	-106.50	-104.17	1675.0	76.98	NAVD88	4
295130095241203	-95.404	29.859	-67.59	median	-72.19	-67.59	650.0	76.98	NAVD88	7
295146095221701	-95.355	29.863	-96.41	mean	-96.41	-94.70	1157.0	61.53	NAVD88	8
295150095254601	-95.431	29.864	-96.06	median	-97.69	-96.06	1520.0	84.74	NAVD88	8
295153095281401	-95.471	29.865	-52.55	median	-52.55	-52.55	560.0	74.02	NAVD88	2
295155095282401	-95.474	29.866	-103.63	median	-109.74	-103.63	1152.0	73.96	NAVD88	5
295159094541601	-94.905	29.867	-20.76	median	-20.91	-20.76	530.0	43.98	NAVD88	3
295201095173201	-95.293	29.867	-60.48	mean	-60.48	-59.96	870.0	57.39	NAVD88	5
295202095261401	-95.438	29.867	-89.18	mean	-89.18	-86.97	1576.0	86.57	NAVD88	9
295207095262101	-95.439	29.869	-71.36	median	-76.83	-71.36	620.0	84.81	NAVD88	3
295207095262102	-95.436	29.869	-61.29	median	-63.86	-61.29	565.0	83.92	NAVD88	3
295209095242001	-95.406	29.869	-61.97	median	-61.97	-61.97	522.0	80.11	NAVD88	1
295212095054401	-95.096	29.870	-51.20	median	-51.20	-51.20	1712.0	23.83	NAVD88	1
295213095532101	-95.889	29.871	21.46	mean	21.46	21.79	767.0	177.15	NAVD88	5
295216095034001	-95.061	29.871	-32.17	median	-32.35	-32.17	272.0	44.25	NAVD88	6
295216095265201	-95.448	29.871	-66.18	median	-66.18	-66.18	557.0	84.53	NAVD88	1
295216095434001	-95.730	29.872	-28.63	mean	-28.63	-28.28	870.0	139.85	NAVD88	6
295218095060501	-95.102	29.872	-43.55	median	-47.06	-43.55	1593.0	42.50	NAVD88	3
295218095572701	-95.958	29.872	20.89	mean	20.89	20.20	839.0	185.66	NAVD88	5
295226095071801	-95.122	29.874	-51.53	median	-51.20	-51.53	1625.0	45.27	NAVD88	4
295228095065101	-95.115	29.875	-48.56	median	-48.10	-48.56	1628.0	47.84	NAVD88	4
295228095262901	-95.442	29.875	-75.14	median	-102.07	-75.14	1668.0	86.67	NAVD88	3
295228095263101	-95.442	29.874	-106.61	median	-107.54	-106.61	1661.0	86.10	NAVD88	3
295229095062701	-95.108	29.875	-55.97	median	-55.97	-55.97	1568.0	44.82	NAVD88	2
295229095074101	-95.128	29.876	-50.39	median	-48.12	-50.39	1608.0	46.46	NAVD88	3
295233095274101	-95.462	29.876	-93.17	median	-93.17	-93.17	984.0	79.65	NAVD88	1
295235095414301	-95.692	29.876	-39.17	mean	-39.17	-39.32	967.0	131.44	NAVD88	5
295240095375601	-95.632	29.877	-114.28	mean	-114.28	-113.62	1369.0	119.72	NAVD88	4
295242095412301	-95.690	29.879	6.74	median	6.74	6.74	330.0	136.73	NAVD88	1
295243095383101	-95.641	29.879	-95.34	mean	-95.34	-96.09	1379.0	123.04	NAVD88	6
295244095044601	-95.080	29.879	-25.04	median	-25.04	-25.04	222.0	14.22	NAVD88	1
295246095351301	-95.587	29.880	-94.37	mean	-94.37	-97.09	1509.0	110.82	NAVD88	6
295247095041501	-95.071	29.880	-25.03	median	-25.03	-25.03	222.0	14.26	NAVD88	1
295247095044401	-95.079	29.880	-24.56	median	-24.56	-24.56	222.0	15.77	NAVD88	1
295247095344701	-95.580	29.880	-88.05	mean	-88.05	-88.13	1480.0	107.72	NAVD88	4
295248095041501	-95.071	29.880	-28.86	median	-28.86	-28.86	212.0	11.90	NAVD88	1
295249095294901	-95.497	29.881	-44.84	median	-44.84	-44.84	525.0	83.84	NAVD88	1
295249095364701	-95.613	29.880	-135.86	mean	-135.86	-128.01	1438.0	119.06	NAVD88	6
295249095370701	-95.618	29.880	-83.42	mean	-83.42	-83.39	1080.0	119.87	NAVD88	4
295251095264502	-95.446	29.881	-99.41	mean	-99.41	-98.00	1698.0	86.36	NAVD88	8
295252095300401	-95.501	29.881	-97.78	mean	-97.78	-93.92	952.0	87.02	NAVD88	5
295254095361901	-95.606	29.883	-120.46	mean	-120.46	-120.58	1444.0	117.03	NAVD88	5
295257095171201	-95.287	29.883	-77.45	median	-75.83	-77.45	1128.0	61.16	NAVD88	3
295258095354201	-95.595	29.883	-101.67	mean	-101.67	-104.53	1480.0	114.80	NAVD88	8
295259095065401	-95.115	29.883	-43.35	mean	-43.35	-43.15	1560.0	46.81	NAVD88	4
295301095393901	-95.661	29.884	-51.78	mean	-51.78	-51.08	1145.0	127.94	NAVD88	5
295306095270502	-95.451	29.885	-93.83	mean	-93.83	-93.40	1480.0	85.71	NAVD88	5
295306095413401	-95.687	29.884	-48.30	median	-50.00	-48.30	1060.0	133.59	NAVD88	6
295308095363801	-95.611	29.886	-53.40	median	-60.55	-53.40	1061.0	117.60	NAVD88	3
295312095173301	-95.293	29.887	-59.84	mean	-59.84	-59.44	1111.0	61.25	NAVD88	7
295316095562801	-95.941	29.888	21.37	mean	21.37	21.30	1002.0	190.89	NAVD88	4
295323095294501	-95.496	29.890	-80.43	mean	-80.43	-80.41	1064.0	94.47	NAVD88	6
295339095383201	-95.642	29.894	-56.77	mean	-56.77	-56.43	990.0	123.76	NAVD88	4
295347095343301	-95.576	29.897	-70.61	median	-70.61	-70.61	585.0	102.23	NAVD88	1
295348095103401	-95.176	29.897	-65.23	median	-65.23	-65.23	378.0	49.59	NAVD88	1
295348095470901	-95.786	29.897	4.36	median	4.36	4.36	660.0	159.99	NAVD88	2
295352095345901	-95.583	29.898	12.71	median	12.71	12.71	216.0	109.00	NAVD88	1
295430095320701	-95.536	29.909	-19.87	median	-19.87	-19.87	275.0	110.89	NAVD88	1
295433095281001	-95.470	29.909	-38.64	median	-38.64	-38.64	420.0	95.36	NAVD88	1
295441095241801	-95.405	29.912	-47.69	median	-47.69	-47.69	558.0	81.15	NAVD88	1
295442095542401	-95.907	29.912	37.06	median	37.06	37.06	810.0	185.85	NAVD88	2
295447095300701	-95.502	29.913	-70.04	median	-70.04	-70.04	615.0	104.06	NAVD88	1
295449095084102	-95.145	29.914	-46.11	mean	-46.11	-45.30	1503.0	53.82	NAVD88	78
295449095084103	-95.145	29.914	-44.83	mean	-44.83	-44.13	699.0	53.82	NAVD88	77
295449095084104	-95.145	29.914	-45.18	mean	-45.18	-44.10	1048.0	53.82	NAVD88	115
295449095084105	-95.146	29.913	-33.56	mean	-33.56	-33.64	1940.0	51.98	NAVD88	80
295451095083901	-95.144	29.914	-59.80	median	-57.78	-59.80	540.0	57.11	NAVD88	19
295458095090301	-95.151	29.916	-14.41	median	-14.41	-14.41	214.0	53.50	NAVD88	1
295502095280401	-95.468	29.918	-38.11	median	-38.11	-38.11	516.0	99.08	NAVD88	1
295505095462201	-95.773	29.918	12.13	mean	12.13	12.10	565.0	158.90	NAVD88	6
295509095220901	-95.369	29.919	-43.24	median	-43.24	-43.24	328.0	72.51	NAVD88	1
295515095210201	-95.351	29.921	-44.60	median	-44.60	-44.60	325.0	66.13	NAVD88	1
295518095240201	-95.401	29.922	-86.32	mean	-86.32	-83.34	855.0	82.16	NAVD88	5
295518095240302	-95.401	29.922	-87.88	mean	-87.88	-87.01	1264.0	82.32	NAVD88	7
295522095291902	-95.487	29.925	-32.88	mean	-32.88	-32.48	456.0	102.69	NAVD88	6
295525095233601	-95.394	29.924	-84.01	mean	-84.01	-83.95	1130.0	78.18	NAVD88	5
295527095212601	-95.358	29.924	-40.54	median	-40.54	-40.54	321.0	69.24	NAVD88	1
295529095043501	-95.080	29.925	-33.97	mean	-33.97	-33.73	976.0	43.99	NAVD88	4
295533095242901	-95.408	29.926	-84.30	mean	-84.30	-84.31	1112.0	85.22	NAVD88	5
295544095462401	-95.774	29.929	17.03	mean	17.03	16.90	968.0	159.85	NAVD88	6
295558095442301	-95.740	29.933	-14.71	mean	-14.71	-14.54	1160.0	152.61	NAVD88	6
295609095233801	-95.394	29.936	-81.11	mean	-81.11	-81.94	1475.0	82.92	NAVD88	5
295611095240201	-95.404	29.937	-79.40	mean	-79.40	-77.70	1440.0	87.36	NAVD88	6
295614095242201	-95.408	29.937	-81.34	median	-81.34	-81.34	1082.0	86.47	NAVD88	2
295616095170101	-95.284	29.938	-44.05	mean	-44.05	-43.77	600.0	67.12	NAVD88	7
295616095170201	-95.284	29.938	-39.79	mean	-39.79	-41.25	762.0	66.93	NAVD88	8
295616095195802	-95.333	29.938	-21.66	mean	-21.66	-21.81	500.0	76.13	NAVD88	6
295616095195803	-95.333	29.938	-41.74	mean	-41.74	-41.46	545.0	76.13	NAVD88	4
295619095171001	-95.287	29.939	-64.60	mean	-64.60	-64.70	1120.0	66.80	NAVD88	9
295619095324701	-95.547	29.939	-70.23	mean	-70.23	-69.15	710.0	116.95	NAVD88	4
295619095342501	-95.574	29.939	-6.97	median	-6.97	-6.97	275.0	122.51	NAVD88	1
295623095383501	-95.643	29.940	5.32	median	5.32	5.32	257.0	136.15	NAVD88	1
295624095370801	-95.619	29.940	-43.00	mean	-43.00	-43.47	945.0	131.92	NAVD88	4
295624095370802	-95.619	29.940	-44.09	mean	-44.09	-43.53	672.0	131.92	NAVD88	5
295631095315001	-95.531	29.942	-63.79	mean	-63.79	-62.97	734.0	117.40	NAVD88	6
295633095324401	-95.546	29.943	-65.12	mean	-65.12	-64.35	703.0	118.43	NAVD88	6
295635095352601	-95.591	29.943	-0.07	median	-0.07	-0.07	260.0	128.78	NAVD88	1
295637095330101	-95.551	29.944	-11.34	median	-11.34	-11.34	315.0	118.43	NAVD88	1
295646095324601	-95.546	29.946	-63.74	mean	-63.74	-62.44	772.0	119.08	NAVD88	6
295647095343901	-95.578	29.947	-68.17	median	-68.17	-68.17	1080.0	125.71	NAVD88	2
295650095315901	-95.533	29.948	-75.77	mean	-75.77	-75.47	725.0	118.07	NAVD88	6
295650095322301	-95.540	29.948	-69.02	mean	-69.02	-68.50	673.0	120.04	NAVD88	6
295651095083501	-95.138	29.946	-38.56	mean	-38.56	-37.69	512.0	60.06	NAVD88	4
295651095330801	-95.552	29.948	-52.26	median	-52.26	-52.26	380.0	111.41	NAVD88	1
295656095162401	-95.274	29.949	-37.31	median	-37.31	-37.31	314.0	66.64	NAVD88	1
295658095245101	-95.414	29.950	-31.99	median	-31.99	-31.99	460.0	87.81	NAVD88	1
295703095245101	-95.416	29.961	-82.70	mean	-82.70	-78.94	1434.0	90.34	NAVD88	5
295705095235501	-95.399	29.963	-76.58	mean	-76.58	-76.57	1475.0	87.76	NAVD88	4
295709096013101	-96.026	29.953	36.38	median	36.38	36.38	1404.0	175.79	NAVD88	2
295719095371701	-95.622	29.956	-42.89	mean	-42.89	-42.70	900.0	134.97	NAVD88	6
295729095302901	-95.508	29.958	-11.38	median	-11.38	-11.38	295.0	116.30	NAVD88	1
295731095263801	-95.444	29.959	-23.17	median	-23.17	-23.17	300.0	100.26	NAVD88	1
295733095263301	-95.443	29.959	-19.96	median	-19.96	-19.96	243.0	101.60	NAVD88	1
295734095263801	-95.444	29.960	-25.34	median	-25.34	-25.34	436.0	100.26	NAVD88	1
295758095251701	-95.425	29.976	-60.50	mean	-60.50	-61.01	1335.0	100.19	NAVD88	7
295758095310001	-95.517	29.966	-7.33	median	-7.33	-7.33	265.0	122.36	NAVD88	1
295813095343801	-95.578	29.971	-60.46	mean	-60.46	-60.67	1000.0	127.84	NAVD88	4
295817095065501	-95.118	29.972	-21.78	median	-19.90	-21.78	555.0	64.46	NAVD88	6
295817095284701	-95.480	29.972	-21.91	median	-21.91	-21.91	342.0	109.31	NAVD88	1
295821095481901	-95.806	29.973	23.35	mean	23.35	23.20	895.0	174.40	NAVD88	5
295831095530801	-95.886	29.976	28.99	mean	28.99	29.03	1007.0	219.39	NAVD88	6
295840095525901	-95.882	29.979	53.90	mean	53.90	53.92	680.0	216.23	NAVD88	6
295842095361201	-95.603	29.979	-53.98	mean	-53.98	-54.45	1185.0	130.81	NAVD88	6
295845095304101	-95.512	29.979	-56.41	median	-57.11	-56.41	802.0	122.94	NAVD88	3
295850095201301	-95.338	29.980	-61.77	mean	-61.77	-60.66	1545.0	89.83	NAVD88	8
295855095204301	-95.346	29.982	-62.98	mean	-62.98	-61.78	1540.0	88.86	NAVD88	8
295910095443501	-95.743	29.986	31.93	mean	31.93	31.53	499.0	155.36	NAVD88	5
295915095194001	-95.329	29.988	-58.51	mean	-58.51	-57.85	1630.0	89.40	NAVD88	7
295915095311301	-95.521	29.988	-51.33	mean	-51.33	-51.17	788.0	122.94	NAVD88	6
295924095450601	-95.754	29.990	14.81	mean	14.81	14.96	885.0	159.61	NAVD88	6
295932095514701	-95.863	29.992	31.37	mean	31.37	31.10	1320.0	213.95	NAVD88	6
295947095412801	-95.691	29.997	16.84	median	16.84	16.84	295.0	155.31	NAVD88	1
295952095272201	-95.456	29.998	-3.68	median	-3.68	-3.68	240.0	109.14	NAVD88	1
295957095460901	-95.769	29.999	20.24	mean	20.24	21.51	247.0	195.34	NAVD88	31
300007095354701	-95.596	30.002	2.88	median	2.88	2.88	305.0	139.30	NAVD88	1
300013094580901	-94.969	30.004	-14.07	median	-14.51	-14.07	837.0	67.06	NAVD88	3
300018095225701	-95.384	30.008	-51.33	mean	-51.33	-51.36	990.0	94.06	NAVD88	4
300020094584601	-94.980	30.006	-11.18	median	-11.18	-11.18	800.0	66.26	NAVD88	1
300032095235501	-95.399	30.009	5.35	median	5.35	5.35	225.0	99.26	NAVD88	1
300037095084801	-95.147	30.011	-15.14	median	-15.14	-15.14	549.0	68.26	NAVD88	2
300037095350601	-95.585	30.011	2.63	median	2.63	2.63	293.0	138.49	NAVD88	1
300038095314002	-95.528	30.011	-68.33	median	-68.33	-68.33	1094.0	124.59	NAVD88	1
300038095430201	-95.718	30.011	16.08	median	16.08	16.08	273.0	169.87	NAVD88	1
300040095415201	-95.698	30.011	12.90	median	12.90	12.90	340.0	161.61	NAVD88	1
300048095280701	-95.469	30.014	-45.86	median	-45.86	-45.86	421.0	117.07	NAVD88	1
300050095275301	-95.464	30.014	-66.14	mean	-66.14	-64.47	1165.0	117.69	NAVD88	6
300051095432201	-95.723	30.014	21.61	median	21.61	21.61	270.0	169.72	NAVD88	1
300053095292601	-95.493	30.014	-75.64	mean	-75.64	-75.55	1180.0	108.59	NAVD88	6
300056095335601	-95.566	30.016	-50.94	mean	-50.94	-51.39	962.0	139.58	NAVD88	6
300100095301901	-95.506	30.017	-69.26	median	-69.26	-69.26	1300.0	108.26	NAVD88	1
300107095331501	-95.554	30.019	-39.38	median	-39.38	-39.38	1024.0	135.97	NAVD88	1
300108095270201	-95.451	30.019	-57.01	mean	-57.01	-56.56	1020.0	114.80	NAVD88	5
300111095132302	-95.222	30.019	-26.05	median	-28.09	-26.05	666.0	55.61	NAVD88	6
300114095250801	-95.419	30.021	1.23	median	1.23	1.23	223.0	108.97	NAVD88	1
300120095063601	-95.110	30.023	-11.27	median	-11.53	-11.27	367.0	68.72	NAVD88	5
300120095063602	-95.110	30.023	-12.18	median	-14.78	-12.18	637.0	68.72	NAVD88	5
300123095264501	-95.446	30.023	-64.73	mean	-64.73	-64.09	1030.0	111.45	NAVD88	5
300133095065101	-95.115	30.027	-21.31	mean	-21.31	-21.10	1010.0	68.11	NAVD88	5
300146095241801	-95.405	30.030	-45.30	mean	-45.30	-44.45	560.0	87.10	NAVD88	5
300146095510401	-95.851	30.030	44.96	median	44.96	44.96	297.0	223.97	NAVD88	2
300157095292501	-95.491	30.033	-67.59	mean	-67.59	-69.10	1063.0	123.47	NAVD88	5
300159095311301	-95.521	30.033	-53.41	median	-52.93	-53.41	1103.0	128.22	NAVD88	3
300200095485301	-95.815	30.034	32.01	median	32.01	32.01	215.0	208.27	NAVD88	1
300233095512501	-95.857	30.043	36.14	median	36.14	36.14	240.0	235.59	NAVD88	1
300239095212601	-95.358	30.044	-38.49	mean	-38.49	-37.94	725.0	83.21	NAVD88	5
300242094565701	-94.949	30.045	-10.80	median	-10.27	-10.80	940.0	77.42	NAVD88	6
300245095244601	-95.413	30.046	4.23	median	4.23	4.23	215.0	93.63	NAVD88	1
300251095265401	-95.448	30.049	-69.62	mean	-69.62	-70.40	1074.0	103.90	NAVD88	5
300254094531801	-94.888	30.049	-7.22	median	-7.22	-7.22	1314.0	82.41	NAVD88	1
300300095293101	-95.492	30.050	-51.60	median	-51.60	-51.60	450.0	133.55	NAVD88	1
300301095361301	-95.604	30.051	-12.27	median	-12.27	-12.27	530.0	158.42	NAVD88	1
300303095293201	-95.493	30.051	-25.61	median	-25.61	-25.61	380.0	132.39	NAVD88	1
300308095071401	-95.121	30.052	-9.03	median	-9.00	-9.03	570.0	66.75	NAVD88	3
300308095071402	-95.121	30.052	-8.82	median	-10.26	-8.82	503.0	66.75	NAVD88	6
300312095221601	-95.371	30.054	-36.39	mean	-36.39	-34.73	615.0	100.49	NAVD88	5
300318095375301	-95.632	30.055	9.01	median	9.01	9.01	230.0	168.08	NAVD88	1
300324094473501	-94.793	30.057	-4.99	median	-4.98	-4.99	651.0	28.49	NAVD88	5
300326095285401	-95.482	30.058	14.87	median	14.87	14.87	201.0	127.98	NAVD88	1
300408095485701	-95.816	30.069	44.33	mean	44.33	43.29	1160.0	246.50	NAVD88	5
300413095002201	-95.007	30.071	-15.57	median	-12.91	-15.57	1017.0	84.45	NAVD88	4
300417094404801	-94.680	30.072	6.89	mean	6.89	6.94	1180.0	69.81	NAVD88	5
300429095261201	-95.437	30.075	-33.05	median	-33.05	-33.05	400.0	124.38	NAVD88	1
300442095524401	-95.879	30.079	59.19	median	59.19	59.19	215.0	280.95	NAVD88	1
300452095515901	-95.867	30.081	57.45	median	57.45	57.45	213.0	275.31	NAVD88	1
300456095541601	-95.905	30.082	49.36	median	49.36	49.36	265.0	284.24	NAVD88	1
300457095245801	-95.416	30.083	17.63	mean	17.63	17.68	225.0	120.56	NAVD88	6
300504095445001	-95.748	30.085	34.81	median	34.81	34.81	212.0	222.29	NAVD88	1
300507095280201	-95.468	30.086	-52.72	mean	-52.72	-53.46	1000.0	136.53	NAVD88	5
300515095405601	-95.683	30.088	33.30	median	33.30	33.30	230.0	227.41	NAVD88	1
300521095365101	-95.614	30.089	23.07	mean	23.07	23.73	412.0	180.75	NAVD88	6
300528095402001	-95.672	30.091	29.58	median	29.58	29.58	440.0	231.43	NAVD88	1
300529095451101	-95.753	30.092	39.61	median	39.61	39.61	240.0	192.77	NAVD88	1
300544095425401	-95.715	30.096	40.24	median	40.24	40.24	264.0	192.81	NAVD88	1
300551095330401	-95.551	30.098	-29.09	mean	-29.09	-28.16	1022.0	134.35	NAVD88	6
300551095365701	-95.616	30.098	28.20	median	28.20	28.20	303.0	186.88	NAVD88	2
300556095304101	-95.512	30.099	-4.00	median	-4.55	-4.00	833.0	142.73	NAVD88	5
300610095514101	-95.862	30.103	49.46	median	49.46	49.46	354.0	260.54	NAVD88	1
300624095302001	-95.506	30.107	0.74	median	0.74	0.74	386.0	144.93	NAVD88	2
300624095302002	-95.506	30.107	0.75	median	0.68	0.75	385.0	144.93	NAVD88	4
300641095003101	-95.009	30.112	3.16	median	2.97	3.16	1006.0	81.93	NAVD88	6
300705094432101	-94.723	30.118	14.22	median	14.22	14.22	485.0	72.96	NAVD88	1
300715095385801	-95.650	30.121	39.76	median	39.76	39.76	210.0	167.27	NAVD88	1
300720095005201	-95.014	30.122	5.95	median	5.72	5.95	580.0	86.15	NAVD88	6
300735095250101	-95.417	30.127	-1.69	median	-1.69	-1.69	250.0	114.54	NAVD88	1
300736095000701	-95.002	30.127	3.81	median	4.80	3.81	1015.0	85.30	NAVD88	4
300739095265601	-95.449	30.128	-46.74	mean	-46.74	-46.47	1017.0	123.39	NAVD88	5
300748094554501	-94.931	30.131	2.45	median	2.26	2.45	401.0	96.49	NAVD88	6
300756095000601	-95.002	30.133	0.69	median	0.69	0.69	1040.0	87.19	NAVD88	4
300811095291701	-95.488	30.137	-42.64	median	-42.64	-42.64	508.0	135.61	NAVD88	1
300811095291702	-95.492	30.138	-43.12	mean	-43.12	-44.30	1180.0	138.08	NAVD88	6
300816095265901	-95.450	30.138	2.71	median	2.71	2.71	249.0	128.75	NAVD88	1
300822095284201	-95.479	30.141	-38.15	mean	-38.15	-37.12	1052.0	134.60	NAVD88	4
300849095412601	-95.691	30.147	44.91	median	44.91	44.91	203.0	198.88	NAVD88	1
300853095412701	-95.691	30.148	43.97	median	43.97	43.97	203.0	200.83	NAVD88	1
300857094400101	-94.667	30.149	12.28	mean	12.28	12.44	624.0	69.65	NAVD88	5
300930094012501	-94.024	30.159	-9.05	mean	-9.05	-9.09	460.0	16.00	NGVD29	6
300932094005301	-94.015	30.159	-7.80	mean	-7.80	-7.78	495.0	26.00	NGVD29	6
301036095451501	-95.754	30.177	32.27	median	32.27	32.27	240.0	214.11	NAVD88	1
301124095242501	-95.407	30.190	16.36	median	16.36	16.36	256.0	117.76	NAVD88	1
301132095465201	-95.781	30.192	51.43	median	51.43	51.43	250.0	255.90	NAVD88	1
301153095243201	-95.409	30.198	-16.14	median	-16.14	-16.14	809.0	117.54	NAVD88	2
301219095405801	-95.683	30.206	47.12	median	47.12	47.12	200.0	212.99	NAVD88	1
301234094112801	-94.191	30.210	-17.40	median	-16.78	-17.40	800.0	25.00	NGVD29	7
301237094012301	-94.023	30.210	-5.18	mean	-5.18	-5.08	380.0	26.00	NGVD29	6
301246094010601	-94.019	30.213	-4.63	mean	-4.63	-4.57	385.0	27.00	NGVD29	5
301256095270401	-95.451	30.216	-21.32	median	-21.32	-21.32	1000.0	126.93	NAVD88	2
301316094114601	-94.196	30.221	-16.47	median	-16.53	-16.47	795.0	26.00	NGVD29	5
301358095343301	-95.576	30.233	39.15	median	39.15	39.15	270.0	212.84	NAVD88	1
301408094442201	-94.741	30.237	15.20	mean	15.20	15.01	1150.0	94.93	NAVD88	5
301411094432601	-94.724	30.237	14.40	mean	14.40	14.23	660.0	89.10	NAVD88	5
301412094114001	-94.195	30.237	-13.45	median	-12.51	-13.45	448.0	35.00	NGVD29	6
301420095093201	-95.159	30.239	17.50	mean	17.50	17.67	440.0	126.04	NAVD88	7
301426094123701	-94.210	30.241	-8.64	median	-10.07	-8.64	780.0	40.00	NGVD29	7
301436095460501	-95.768	30.244	66.41	median	66.41	66.41	235.0	268.24	NAVD88	1
301452094123801	-94.211	30.248	-10.62	mean	-10.62	-10.77	796.0	43.00	NGVD29	5
301531095420801	-95.703	30.259	59.10	median	59.10	59.10	240.0	263.65	NAVD88	1
301535094053501	-94.093	30.260	-4.59	mean	-4.59	-4.62	468.0	30.00	NGVD29	6
301537094051301	-94.087	30.260	-11.87	mean	-11.87	-12.01	1250.0	35.00	NGVD29	6
301554094120201	-94.201	30.265	-0.02	median	-0.06	-0.02	463.0	55.00	NGVD29	5
301608094582401	-94.974	30.269	23.70	mean	23.70	24.44	627.0	127.85	NAVD88	4
301612095450901	-95.753	30.270	62.57	median	62.57	62.57	212.0	286.85	NAVD88	1
301853095180701	-95.302	30.315	37.58	median	37.58	37.58	345.0	186.32	NAVD88	1
301936095432401	-95.724	30.327	42.69	median	42.69	42.69	240.0	217.70	NAVD88	1
301948095290002	-95.484	30.330	48.70	mean	48.70	48.57	261.0	238.76	NAVD88	27
302030094091601	-94.155	30.342	-4.32	median	-4.92	-4.32	920.0	80.00	NGVD29	5
302040095050701	-95.086	30.345	22.54	mean	22.54	23.05	845.0	158.04	NAVD88	4
302053094100601	-94.169	30.348	-5.96	median	-6.69	-5.96	842.0	80.00	NGVD29	6
302055094041301	-94.070	30.349	2.88	median	2.78	2.88	1295.0	45.00	NGVD29	7
302055094041302	-94.070	30.349	-48.93	mean	-48.93	-48.86	1295.0	45.00	NGVD29	6
302100094104102	-94.178	30.350	-12.17	mean	-12.17	-11.97	900.0	80.00	NGVD29	5
302128095294301	-95.496	30.358	40.51	median	40.51	40.51	456.0	237.67	NAVD88	1
302135095310601	-95.519	30.360	33.90	median	33.90	33.90	402.0	256.34	NAVD88	1
302138094035302	-94.065	30.361	3.75	median	3.75	3.75	390.0	47.00	NGVD29	2
302140094042001	-94.072	30.361	2.80	mean	2.80	2.76	226.0	42.00	NGVD29	4
302154094590701	-94.985	30.366	37.82	mean	37.82	37.85	502.0	153.24	NAVD88	4
302156095001501	-95.004	30.366	41.96	mean	41.96	41.91	452.0	151.23	NAVD88	4
302353094593701	-94.994	30.399	39.47	mean	39.47	39.51	835.0	159.42	NAVD88	4
303000095002001	-95.010	30.498	-1.41	mean	-1.41	-1.49	490.0	173.18	NAVD88	4
