Well_ID	Longitude	Latitude	GWLm	method	mean	median	well_constructed_depth	altitude	vertical_datum	Counts
285537095214001	-95.362	28.927	-6.73	median	-7.12	-6.73	224.0	4.85	NAVD88	3
285654095215101	-95.364	28.949	-8.03	mean	-8.03	-8.12	249.0	4.91	NAVD88	6
285655095172302	-95.290	28.949	-12.16	median	-12.19	-12.16	300.0	4.91	NAVD88	6
285744095212102	-95.356	28.962	-7.17	mean	-7.17	-7.28	258.0	4.91	NAVD88	6
290000095192602	-95.325	29.000	-8.85	mean	-8.85	-9.11	232.0	4.98	NAVD88	6
290100095253201	-95.426	29.016	-22.53	mean	-22.53	-22.14	332.0	9.75	NAVD88	6
290142095111801	-95.188	29.028	-1.99	mean	-1.99	-1.99	335.0	5.00	NAVD88	7
290159095262701	-95.441	29.033	-26.92	mean	-26.92	-26.76	332.0	13.04	NAVD88	6
290213095240501	-95.401	29.037	-4.23	mean	-4.23	-4.44	212.0	15.78	NAVD88	6
290214095421101	-95.703	29.037	0.56	median	-1.34	0.56	226.0	34.23	NAVD88	6
290320095253801	-95.427	29.056	-21.89	mean	-21.89	-21.30	338.0	17.06	NAVD88	6
290320095261701	-95.438	29.056	-23.04	mean	-23.04	-22.94	335.0	18.00	NAVD88	6
290346095243601	-95.410	29.063	-3.42	median	-3.42	-3.42	340.0	14.03	NAVD88	2
290410095353401	-95.593	29.069	-12.69	mean	-12.69	-12.88	420.0	27.00	NAVD88	5
290446095405101	-95.681	29.079	-5.87	median	-5.87	-5.87	450.0	19.00	NAVD88	1
290728095214301	-95.362	29.124	-5.65	mean	-5.65	-5.65	401.0	5.00	NAVD88	6
290834095384201	-95.645	29.143	-13.24	mean	-13.24	-13.14	659.0	34.28	NAVD88	6
291138095261501	-95.438	29.194	-14.45	median	-14.58	-14.45	819.0	29.96	NAVD88	6
291201095200701	-95.336	29.201	-4.49	median	-4.11	-4.49	960.0	14.20	NAVD88	6
291210095484001	-95.811	29.203	2.09	median	2.09	2.09	473.0	55.15	NAVD88	2
291305095352201	-95.589	29.220	-11.21	mean	-11.21	-11.09	867.0	35.01	NAVD88	5
291338095202401	-95.340	29.227	2.09	median	2.05	2.09	235.0	20.27	NAVD88	5
291344095205101	-95.348	29.229	-2.55	median	-2.83	-2.55	304.0	23.84	NAVD88	5
291359095113401	-95.193	29.233	-15.30	mean	-15.30	-14.71	898.0	13.38	NAVD88	6
291545095202401	-95.341	29.263	2.04	median	1.92	2.04	514.0	26.00	NAVD88	4
291855095265901	-95.450	29.316	-9.49	mean	-9.49	-9.29	400.0	45.00	NAVD88	5
291919095485101	-95.814	29.322	5.93	mean	5.93	6.13	871.0	74.75	NAVD88	7
291948095135401	-95.232	29.330	-17.79	mean	-17.79	-17.88	400.0	20.41	NAVD88	6
291949095024801	-95.047	29.331	-14.65	mean	-14.65	-14.70	756.0	19.74	NAVD88	7
292037095010501	-95.018	29.344	-13.44	mean	-13.44	-13.52	1080.0	14.01	NAVD88	6
292054095171901	-95.289	29.349	-12.21	mean	-12.21	-12.19	473.0	29.75	NAVD88	5
292054095371301	-95.621	29.349	-11.77	median	-12.03	-11.77	874.0	57.42	NAVD88	7
292204095281301	-95.471	29.368	-8.71	median	-9.06	-8.71	923.0	50.08	NAVD88	3
292207094544001	-94.911	29.369	-11.84	mean	-11.84	-11.70	645.0	6.65	NAVD88	5
292208095042701	-95.074	29.369	-16.77	mean	-16.77	-16.62	775.0	19.53	NAVD88	7
292233094541501	-94.904	29.376	-12.23	median	-15.05	-12.23	771.0	10.45	NAVD88	5
292303094553201	-94.926	29.384	-11.28	mean	-11.28	-11.11	728.0	13.44	NAVD88	6
292314094563001	-94.942	29.387	-9.02	mean	-9.02	-8.58	702.0	9.99	NAVD88	6
292324094573801	-94.961	29.390	-12.23	mean	-12.23	-12.20	737.0	9.76	NAVD88	6
292335095133501	-95.226	29.393	-27.47	mean	-27.47	-27.80	728.0	38.69	NAVD88	6
292337094542801	-94.908	29.394	-11.54	median	-12.37	-11.54	772.0	9.86	NAVD88	6
292338095063601	-95.110	29.394	-19.98	mean	-19.98	-19.81	870.0	27.82	NAVD88	28
292354095505301	-95.848	29.398	7.38	mean	7.38	7.38	518.0	90.01	NAVD88	6
292356095475701	-95.799	29.399	-2.72	median	-1.70	-2.72	675.0	84.00	NAVD88	7
292403095052601	-95.091	29.401	-20.92	mean	-20.92	-20.60	771.0	25.88	NAVD88	7
292439094553101	-94.926	29.411	-14.09	mean	-14.09	-13.91	785.0	6.03	NAVD88	6
292443095045201	-95.081	29.412	-21.77	mean	-21.77	-21.71	781.0	24.94	NAVD88	7
292456095560101	-95.934	29.416	13.22	mean	13.22	13.75	564.0	95.08	NAVD88	6
292458094534201	-94.895	29.416	-4.60	mean	-4.60	-4.50	210.0	5.30	NAVD88	21
292458094534202	-94.895	29.416	-7.32	mean	-7.32	-7.30	302.0	5.30	NAVD88	22
292458094534203	-94.895	29.416	-8.33	mean	-8.33	-8.29	400.0	5.30	NAVD88	21
292458094534204	-94.895	29.416	-12.93	mean	-12.93	-12.69	535.0	5.30	NAVD88	21
292458094534205	-94.895	29.416	-13.18	mean	-13.18	-13.14	1060.0	5.30	NAVD88	21
292458094534206	-94.895	29.416	-12.68	mean	-12.68	-12.66	800.0	5.87	NAVD88	74
292459095451901	-95.756	29.417	9.47	median	10.22	9.47	636.0	73.58	NAVD88	7
292528095272301	-95.456	29.424	-30.51	mean	-30.51	-30.76	920.0	56.00	NAVD88	5
292534095044501	-95.079	29.426	-22.18	mean	-22.18	-22.03	810.0	21.27	NAVD88	7
292535095151801	-95.255	29.427	-34.89	mean	-34.89	-35.27	690.0	42.44	NAVD88	4
292548094565601	-94.949	29.430	-2.17	median	-2.80	-2.17	692.0	4.98	NAVD88	3
292552095244401	-95.412	29.431	-34.89	mean	-34.89	-35.14	1158.0	47.00	NAVD88	4
292603095150901	-95.253	29.435	-36.63	mean	-36.63	-36.69	702.0	42.66	NAVD88	6
292605095571301	-95.954	29.435	13.67	mean	13.67	13.65	590.0	94.92	NAVD88	7
292619095060601	-95.102	29.439	-24.26	mean	-24.26	-24.07	750.0	16.77	NAVD88	7
292644095261601	-95.438	29.446	-37.21	median	-36.87	-37.21	1124.0	55.00	NAVD88	3
292653095233301	-95.392	29.448	-34.40	mean	-34.40	-34.83	1133.0	50.00	NAVD88	7
292841094584901	-94.984	29.481	-18.45	mean	-18.45	-18.41	660.0	10.71	NAVD88	4
292848094590001	-94.981	29.478	-19.77	mean	-19.77	-19.73	651.0	10.42	NAVD88	6
292900094585501	-94.983	29.483	-20.38	mean	-20.38	-20.33	664.0	12.66	NAVD88	5
292913094584301	-94.979	29.487	-19.81	mean	-19.81	-20.12	666.0	11.49	NAVD88	6
292918095235901	-95.400	29.489	-42.60	median	-42.60	-42.60	1047.0	55.00	NAVD88	1
292923095091601	-95.155	29.490	-28.22	mean	-28.22	-27.52	730.0	27.72	NAVD88	7
292927095195801	-95.333	29.491	-14.77	mean	-14.77	-14.77	480.0	55.98	NAVD88	6
292935094583301	-94.978	29.492	-20.44	mean	-20.44	-20.17	670.0	11.47	NAVD88	5
292941094563001	-94.942	29.495	-14.21	mean	-14.21	-14.17	670.0	9.81	NAVD88	6
292944095550101	-95.917	29.496	2.60	median	2.15	2.60	975.0	108.40	NAVD88	7
292951095335201	-95.565	29.498	-11.94	median	-11.61	-11.94	375.0	59.80	NAVD88	6
292953095460301	-95.768	29.498	-14.58	mean	-14.58	-14.22	1097.0	80.75	NAVD88	6
293000095171201	-95.256	29.550	-33.29	mean	-33.29	-33.74	620.0	44.70	NAVD88	6
293001095274601	-95.463	29.501	-9.17	mean	-9.17	-9.11	524.0	63.21	NAVD88	7
293005095151801	-95.255	29.515	-19.54	mean	-19.54	-19.56	591.0	40.74	NAVD88	6
293006095492501	-95.824	29.502	-18.93	median	-19.83	-18.93	1402.0	93.17	NAVD88	7
293007096002001	-96.006	29.502	18.66	median	18.65	18.66	270.0	111.49	NAVD88	3
293043095053301	-95.093	29.512	-28.29	mean	-28.29	-28.69	710.0	15.54	NAVD88	7
293107095280001	-95.467	29.519	-42.40	mean	-42.40	-42.14	1398.0	67.17	NAVD88	7
293113095220001	-95.370	29.521	-20.69	mean	-20.69	-20.80	370.0	62.37	NAVD88	6
293114096001001	-96.003	29.521	18.44	median	18.44	18.44	304.0	114.97	NAVD88	2
293132095283301	-95.476	29.526	-41.44	mean	-41.44	-41.35	1320.0	72.49	NAVD88	6
293140095325001	-95.547	29.528	-40.46	mean	-40.46	-39.85	1300.0	54.29	NAVD88	7
293142095545501	-95.916	29.528	12.93	median	12.93	12.93	344.0	110.00	NAVD88	2
293156094515501	-94.866	29.532	-15.43	median	-15.43	-15.43	683.0	0.00	NAVD88	1
293202095070301	-95.118	29.533	-30.26	mean	-30.26	-30.44	645.0	20.65	NAVD88	7
293219095485701	-95.816	29.539	-19.08	mean	-19.08	-19.90	1313.0	99.48	NAVD88	6
293222095020301	-95.034	29.540	-27.36	mean	-27.36	-27.18	590.0	6.86	NAVD88	6
293226095471601	-95.788	29.541	-28.21	mean	-28.21	-27.64	1580.0	94.17	NAVD88	6
293235095251402	-95.421	29.543	-24.45	median	-24.45	-24.45	391.0	65.00	NAVD88	2
293237095504801	-95.847	29.544	-23.81	mean	-23.81	-24.35	1178.0	102.96	NAVD88	7
293243095165201	-95.281	29.546	-36.46	mean	-36.46	-36.94	830.0	47.71	NAVD88	5
293245095414801	-95.697	29.546	-18.18	mean	-18.18	-18.04	840.0	81.17	NAVD88	7
293246095072501	-95.125	29.547	-25.48	mean	-25.48	-24.71	694.0	21.14	NAVD88	7
293247095054601	-95.096	29.546	-30.63	mean	-30.63	-30.27	680.0	16.22	NAVD88	7
293253095141001	-95.236	29.548	-30.06	mean	-30.06	-29.69	617.0	37.85	NAVD88	5
293306095050801	-95.084	29.552	-28.22	mean	-28.22	-28.32	680.0	12.12	NAVD88	7
293306095054101	-95.096	29.552	-26.86	mean	-26.86	-26.68	770.0	19.65	NAVD88	54
293312095334601	-95.561	29.553	-39.04	mean	-39.04	-39.53	1065.0	70.28	NAVD88	6
293314095474702	-95.796	29.553	-26.38	mean	-26.38	-28.68	1604.0	101.33	NAVD88	7
293321095311401	-95.521	29.556	-38.44	mean	-38.44	-38.45	1100.0	74.19	NAVD88	7
293332095411301	-95.687	29.559	-58.59	mean	-58.59	-57.86	1942.0	70.47	NAVD88	7
293338095451901	-95.756	29.561	6.14	median	6.14	6.14	500.0	92.31	NAVD88	1
293340095400501	-95.667	29.561	-58.05	mean	-58.05	-58.28	1964.0	70.65	NAVD88	6
293342095333601	-95.560	29.561	-38.08	mean	-38.08	-38.37	1074.0	70.18	NAVD88	7
293344095082301	-95.140	29.563	-30.01	mean	-30.01	-30.06	635.0	32.37	NAVD88	6
293348095070601	-95.119	29.564	-4.14	median	-3.08	-4.14	1232.0	18.93	NAVD88	11
293348095070602	-95.119	29.564	-22.36	mean	-22.36	-21.98	392.0	18.93	NAVD88	14
293348095070603	-95.119	29.564	-31.09	mean	-31.09	-30.94	957.0	18.93	NAVD88	19
293349095070901	-95.119	29.564	-23.64	median	-20.91	-23.64	1740.0	19.68	NAVD88	27
293352095011601	-95.021	29.565	-27.21	mean	-27.21	-27.03	1381.0	8.28	NAVD88	80
293352095011602	-95.021	29.565	-27.35	mean	-27.35	-26.98	1381.0	8.05	NAVD88	19
293352095011603	-95.021	29.565	-26.55	mean	-26.55	-26.49	1308.0	8.05	NAVD88	8
293352095011605	-95.021	29.565	-17.22	mean	-17.22	-17.19	300.0	8.05	NAVD88	21
293352095011606	-95.021	29.565	-26.90	mean	-26.90	-26.79	920.0	8.05	NAVD88	21
293356095405901	-95.683	29.566	-54.28	mean	-54.28	-54.86	1784.0	72.65	NAVD88	7
293357095070801	-95.119	29.566	-31.30	mean	-31.30	-29.16	630.0	19.77	NAVD88	7
293401095054301	-95.095	29.567	-29.21	mean	-29.21	-29.00	629.0	16.23	NAVD88	7
293401095293002	-95.492	29.401	-18.64	mean	-18.64	-18.84	537.0	60.09	NAVD88	6
293424095330701	-95.552	29.574	-40.43	mean	-40.43	-40.95	1200.0	65.75	NAVD88	7
293424095330702	-95.552	29.573	-42.67	mean	-42.67	-43.64	1320.0	67.65	NAVD88	7
293431095341801	-95.575	29.581	-39.75	mean	-39.75	-40.38	1188.0	68.63	NAVD88	7
293434095311501	-95.521	29.576	-38.91	mean	-38.91	-39.00	1308.0	76.21	NAVD88	6
293446095033901	-95.061	29.580	-27.80	mean	-27.80	-27.70	660.0	15.15	NAVD88	7
293453095283501	-95.477	29.582	-43.19	mean	-43.19	-42.85	565.0	68.44	NAVD88	6
293455095375701	-95.633	29.582	-18.90	median	-15.97	-18.90	463.0	70.03	NAVD88	5
293458095454301	-95.762	29.583	-0.69	median	-0.26	-0.69	518.0	90.75	NAVD88	7
293458095454501	-95.763	29.583	-0.14	median	0.32	-0.14	431.0	90.13	NAVD88	7
293506095481101	-95.803	29.585	7.93	mean	7.93	7.76	305.0	88.36	NAVD88	4
293512095330301	-95.551	29.587	-41.38	mean	-41.38	-41.49	1110.0	71.48	NAVD88	7
293523095483701	-95.810	29.590	-5.83	median	-6.11	-5.83	659.0	90.07	NAVD88	7
293523095483702	-95.810	29.590	1.35	median	1.28	1.35	460.0	90.08	NAVD88	7
293527095271501	-95.454	29.591	-47.48	mean	-47.48	-48.12	1050.0	61.46	NAVD88	7
293539095054201	-95.098	29.593	-29.01	mean	-29.01	-28.72	610.0	17.28	NAVD88	7
293543095274901	-95.464	29.596	-49.47	median	-59.98	-49.47	1220.0	63.26	NAVD88	11
293545095413301	-95.690	29.596	-26.16	mean	-26.16	-27.23	1058.0	74.94	NAVD88	7
293546095374901	-95.631	29.596	-54.06	mean	-54.06	-55.35	1724.0	71.26	NAVD88	7
293606095555301	-95.932	29.602	18.93	median	18.93	18.93	292.0	111.36	NAVD88	1
293610095225601	-95.382	29.603	-29.65	mean	-29.65	-29.71	315.0	53.00	NAVD88	4
293628095312801	-95.524	29.607	-45.10	mean	-45.10	-45.09	1256.0	72.32	NAVD88	6
293637095224801	-95.380	29.610	-46.51	mean	-46.51	-47.21	838.0	56.00	NAVD88	5
293720095293501	-95.493	29.622	-47.77	median	-53.27	-47.77	1025.0	61.00	NAVD88	8
293720095381101	-95.634	29.622	-33.25	mean	-33.25	-32.42	1025.0	75.02	NAVD88	7
293729095440301	-95.734	29.617	-20.90	mean	-20.90	-20.47	1410.0	80.00	NAVD88	6
293730095443301	-95.743	29.625	-1.71	median	-1.99	-1.71	314.0	83.77	NAVD88	7
293732095300601	-95.502	29.626	-47.67	median	-52.76	-47.67	1200.0	66.00	NAVD88	7
293734095283801	-95.477	29.626	-51.47	median	-66.42	-51.47	1050.0	58.97	NAVD88	10
293734095293701	-95.494	29.626	-51.44	mean	-51.44	-48.91	1204.0	62.89	NAVD88	9
293734095303801	-95.511	29.626	-46.72	median	-52.66	-46.72	1040.0	68.65	NAVD88	8
293736095285301	-95.482	29.627	-52.16	median	-58.65	-52.16	1190.0	58.42	NAVD88	10
293736095365501	-95.617	29.629	-70.13	mean	-70.13	-67.82	1665.0	81.80	NAVD88	6
293736095482601	-95.807	29.627	-6.89	median	-6.89	-6.89	588.0	91.00	NAVD88	2
293740095410201	-95.684	29.628	-58.30	mean	-58.30	-57.64	1500.0	81.66	NAVD88	6
293810095370601	-95.619	29.637	-71.78	mean	-71.78	-69.87	1500.0	80.98	NAVD88	7
293812095380901	-95.636	29.637	-31.62	mean	-31.62	-31.53	549.0	82.75	NAVD88	7
293830095373201	-95.626	29.642	-40.85	mean	-40.85	-40.66	1775.0	83.52	NAVD88	7
293833095494501	-95.829	29.642	-3.33	median	-3.33	-3.33	620.0	110.00	NAVD88	2
293848095441601	-95.738	29.647	-18.45	mean	-18.45	-18.38	870.0	86.35	NAVD88	6
293909095012201	-95.023	29.653	-26.82	mean	-26.82	-26.29	578.0	14.58	NAVD88	7
293910095135601	-95.233	29.654	-36.26	mean	-36.26	-35.34	1170.0	30.10	NAVD88	5
293921095441601	-95.738	29.656	-26.50	mean	-26.50	-26.70	1370.0	86.67	NAVD88	7
293932095342201	-95.573	29.659	-44.28	median	-49.03	-44.28	717.0	79.46	NAVD88	11
293933095342101	-95.573	29.659	-74.13	median	-81.18	-74.13	1758.0	77.59	NAVD88	11
293934095342201	-95.573	29.660	-45.18	median	-52.69	-45.18	1030.0	77.39	NAVD88	10
293938095351001	-95.586	29.661	-45.37	median	-48.74	-45.37	1102.0	79.70	NAVD88	7
293941095135001	-95.231	29.662	-37.35	mean	-37.35	-37.16	1212.0	28.34	NAVD88	6
293942095124901	-95.213	29.661	-41.47	mean	-41.47	-41.09	930.0	31.36	NAVD88	6
293942095283101	-95.474	29.662	-53.83	median	-61.98	-53.83	1735.0	58.12	NAVD88	10
293949095024301	-95.046	29.664	-28.03	mean	-28.03	-27.99	585.0	19.54	NAVD88	7
293956095120801	-95.203	29.666	-39.95	mean	-39.95	-40.06	1380.0	30.94	NAVD88	5
293959095380401	-95.635	29.667	-36.89	mean	-36.89	-35.55	902.0	87.30	NAVD88	7
294002095351001	-95.588	29.667	-45.56	median	-52.40	-45.56	1038.0	81.54	NAVD88	10
294004095404901	-95.680	29.668	-66.24	mean	-66.24	-66.32	1470.0	93.65	NAVD88	5
294010095350501	-95.584	29.666	-45.07	median	-55.46	-45.07	1012.0	81.25	NAVD88	10
294020095582001	-95.972	29.672	-15.44	median	-12.65	-15.44	1095.0	111.00	NAVD88	7
294029095354301	-95.596	29.675	-44.74	median	-50.35	-44.74	1195.0	82.68	NAVD88	10
294031095554201	-95.929	29.676	12.60	mean	12.60	12.50	450.0	105.01	NAVD88	7
294044095301001	-95.503	29.679	-53.57	median	-71.80	-53.57	1770.0	57.15	NAVD88	10
294047095345601	-95.582	29.680	-44.73	median	-48.19	-44.73	960.0	80.24	NAVD88	10
294050095355501	-95.599	29.681	-39.16	mean	-39.16	-40.40	872.0	80.78	NAVD88	7
294106095171201	-95.287	29.685	-44.29	mean	-44.29	-44.14	876.0	33.70	NAVD88	7
294112095462501	-95.774	29.687	-48.88	mean	-48.88	-48.75	1200.0	108.02	NAVD88	7
294113095361701	-95.605	29.687	-76.26	median	-80.15	-76.26	1667.0	80.98	NAVD88	10
294113095361702	-95.605	29.687	-42.43	median	-47.95	-42.43	995.0	80.98	NAVD88	9
294113095482401	-95.807	29.687	1.58	median	2.32	1.58	510.0	121.00	NAVD88	5
294119095335601	-95.564	29.692	-91.40	median	-92.74	-91.40	1475.0	71.16	NAVD88	3
294127095342502	-95.574	29.691	-71.36	mean	-71.36	-71.39	1450.0	71.22	NAVD88	7
294131095360701	-95.602	29.692	-39.83	mean	-39.83	-39.96	1650.0	80.50	NAVD88	7
294134095470301	-95.784	29.693	-51.95	mean	-51.95	-53.10	1265.0	113.93	NAVD88	7
294140095425701	-95.716	29.694	-20.20	mean	-20.20	-20.38	727.0	92.44	NAVD88	7
294142095515301	-95.865	29.695	3.71	median	3.83	3.71	494.0	136.65	NAVD88	7
294144095351002	-95.587	29.696	-44.25	median	-52.14	-44.25	1445.0	73.41	NAVD88	10
294144095410001	-95.684	29.696	-27.97	median	-29.31	-27.97	878.0	92.68	NAVD88	7
294147095344303	-95.579	29.696	-45.72	median	-54.02	-45.72	1407.0	71.37	NAVD88	10
294149095363002	-95.608	29.696	-42.01	mean	-42.01	-40.66	1550.0	81.62	NAVD88	7
294158095024701	-95.047	29.700	-27.71	mean	-27.71	-27.94	591.0	25.09	NAVD88	6
294201095355601	-95.599	29.701	-42.91	median	-46.74	-42.91	1621.0	78.33	NAVD88	8
294206095162601	-95.274	29.702	-44.10	mean	-44.10	-44.03	995.0	31.09	NAVD88	74
294209095494701	-95.830	29.702	-54.12	mean	-54.12	-54.45	1268.0	130.55	NAVD88	7
294211095370901	-95.619	29.703	-36.33	mean	-36.33	-36.41	1320.0	80.92	NAVD88	4
294213095322001	-95.539	29.704	-42.08	median	-42.08	-42.08	1510.0	67.89	NAVD88	2
294215095301502	-95.504	29.704	-69.17	median	-76.61	-69.17	1550.0	64.25	NAVD88	11
294216095301601	-95.505	29.705	-50.46	median	-52.54	-50.46	972.0	63.81	NAVD88	11
294219095470501	-95.787	29.708	-45.87	median	-44.22	-45.87	1090.0	112.17	NAVD88	6
294219095583601	-95.977	29.706	22.39	mean	22.39	22.45	378.0	116.69	NAVD88	7
294237095093202	-95.159	29.711	-30.19	mean	-30.19	-29.04	390.0	27.78	NAVD88	19
294237095093205	-95.159	29.711	-40.44	mean	-40.44	-40.30	1328.0	27.78	NAVD88	17
294237095093206	-95.159	29.711	-40.29	mean	-40.29	-39.72	936.0	27.78	NAVD88	20
294237095093207	-95.159	29.711	-38.80	mean	-38.80	-38.46	1817.0	27.78	NAVD88	19
294237095093208	-95.159	29.711	-39.78	mean	-39.78	-39.75	730.0	27.78	NAVD88	19
294237095342301	-95.573	29.711	-47.42	median	-58.18	-47.42	1080.0	73.40	NAVD88	11
294243095371201	-95.620	29.712	-32.52	median	-32.52	-32.52	1370.0	80.61	NAVD88	2
294246095454201	-95.762	29.713	-67.92	median	-70.97	-67.92	1240.0	102.83	NAVD88	7
294252095362101	-95.606	29.715	-46.31	median	-56.36	-46.31	1610.0	77.67	NAVD88	12
294301095341801	-95.572	29.717	-76.77	median	-82.04	-76.77	1610.0	75.86	NAVD88	9
294302095411801	-95.688	29.718	-16.22	median	-16.22	-16.22	640.0	92.43	NAVD88	2
294305095511301	-95.854	29.718	-61.97	median	-57.97	-61.97	1124.0	135.59	NAVD88	7
294306095371801	-95.622	29.719	-76.62	mean	-76.62	-76.28	1305.0	77.20	NAVD88	7
294313095365101	-95.614	29.721	-42.77	median	-43.15	-42.77	1122.0	77.60	NAVD88	8
294317095313001	-95.524	29.722	-56.31	median	-58.02	-56.31	1612.0	68.02	NAVD88	11
294319095305901	-95.517	29.722	-45.38	median	-53.73	-45.38	1469.0	66.58	NAVD88	9
294322095041701	-95.072	29.723	-29.23	mean	-29.23	-29.23	542.0	26.48	NAVD88	5
294322095445001	-95.747	29.723	-64.56	mean	-64.56	-65.42	1345.0	102.00	NAVD88	7
294325095550801	-95.919	29.724	-43.28	median	-43.28	-43.28	1158.0	149.00	NAVD88	2
294326095293002	-95.492	29.724	-53.85	mean	-53.85	-53.53	1397.0	64.21	NAVD88	7
294326095492301	-95.823	29.724	-54.67	mean	-54.67	-55.16	1094.0	128.04	NAVD88	7
294326095550701	-95.919	29.724	14.20	median	14.20	14.20	340.0	149.00	NAVD88	2
294327095445201	-95.748	29.724	21.01	mean	21.01	21.02	2000.0	100.00	NAVD88	61
294328095290402	-95.485	29.725	-56.47	median	-62.64	-56.47	1518.0	61.57	NAVD88	12
294329095284602	-95.480	29.725	-55.87	median	-66.97	-55.87	1505.0	59.50	NAVD88	9
294329095284603	-95.480	29.725	-41.83	median	-46.10	-41.83	646.0	59.50	NAVD88	10
294333095275602	-95.466	29.726	-53.99	median	-59.33	-53.99	1510.0	57.62	NAVD88	8
294334095032901	-95.058	29.727	-27.84	mean	-27.84	-28.15	510.0	11.99	NAVD88	4
294338095270401	-95.451	29.727	-48.05	median	-52.34	-48.05	1051.0	55.93	NAVD88	12
294338095270403	-95.451	29.727	-62.80	mean	-62.80	-63.09	1943.0	55.93	NAVD88	75
294338095270404	-95.451	29.727	-63.84	mean	-63.84	-64.58	1433.0	55.93	NAVD88	19
294338095270405	-95.451	29.727	-30.96	mean	-30.96	-30.99	253.0	55.93	NAVD88	19
294338095270406	-95.451	29.727	-49.87	mean	-49.87	-50.75	627.0	55.93	NAVD88	18
294340095311103	-95.520	29.728	-57.30	median	-62.63	-57.30	1432.0	68.07	NAVD88	8
294342095034601	-95.063	29.729	-29.43	mean	-29.43	-28.98	560.0	21.93	NAVD88	5
294348095270401	-95.451	29.730	-65.28	median	-75.23	-65.28	1965.0	56.16	NAVD88	10
294348095303702	-95.511	29.728	-58.92	mean	-58.92	-58.84	1335.0	64.81	NAVD88	8
294352095385501	-95.649	29.731	-56.67	median	-58.64	-56.67	1420.0	89.19	NAVD88	10
294356095391501	-95.654	29.733	-30.00	median	-35.04	-30.00	800.0	91.71	NAVD88	7
294403095141801	-95.239	29.734	-43.01	mean	-43.01	-42.32	1201.0	27.36	NAVD88	7
294403095460101	-95.767	29.734	-65.78	mean	-65.78	-66.87	1268.0	112.41	NAVD88	7
294408095483001	-95.805	29.744	-74.43	mean	-74.43	-75.75	1256.0	117.30	NAVD88	6
294414095364202	-95.612	29.738	-83.04	median	-89.09	-83.04	1322.0	79.77	NAVD88	12
294415095165301	-95.282	29.738	-42.02	median	-42.02	-42.02	900.0	15.02	NAVD88	2
294433095044701	-95.080	29.743	-13.21	median	-13.21	-13.21	256.0	18.40	NAVD88	2
294442095450801	-95.752	29.745	-74.44	median	-75.07	-74.44	1180.0	110.10	NAVD88	5
294445095141101	-95.237	29.746	-41.95	mean	-41.95	-41.46	1350.0	27.39	NAVD88	7
294452095354501	-95.596	29.748	-77.75	median	-85.31	-77.75	1450.0	78.37	NAVD88	11
294456095341101	-95.570	29.749	-57.84	median	-63.92	-57.84	1345.0	73.49	NAVD88	8
294458095044601	-95.080	29.750	-23.63	mean	-23.63	-23.38	521.0	21.80	NAVD88	5
294500095073401	-95.127	29.751	-41.53	mean	-41.53	-41.98	1230.0	23.38	NAVD88	7
294504094553601	-94.925	29.751	-19.67	median	-19.67	-19.67	402.0	17.96	NAVD88	2
294511095512901	-95.858	29.753	-65.59	mean	-65.59	-69.52	1050.0	143.83	NAVD88	7
294511095513001	-95.858	29.753	1.93	median	1.88	1.93	460.0	143.48	NAVD88	7
294514095521301	-95.870	29.754	-63.27	mean	-63.27	-67.41	938.0	145.88	NAVD88	7
294519095383201	-95.634	29.766	-55.16	median	-65.99	-55.16	1316.0	86.08	NAVD88	9
294521094545901	-94.916	29.756	-19.34	median	-19.42	-19.34	409.0	16.13	NAVD88	3
294523094544401	-94.912	29.756	-19.01	median	-19.07	-19.01	403.0	17.94	NAVD88	3
294527095014901	-95.031	29.758	-25.50	mean	-25.50	-25.37	512.0	24.12	NAVD88	19
294527095014905	-95.031	29.758	-23.36	mean	-23.36	-23.05	324.0	24.12	NAVD88	21
294527095014910	-95.031	29.758	-25.21	mean	-25.21	-25.32	431.0	23.87	NAVD88	76
294527095014911	-95.031	29.758	-24.90	mean	-24.90	-24.54	1475.0	23.87	NAVD88	77
294527095014912	-95.031	29.758	-33.71	mean	-33.71	-33.16	1365.0	24.12	NAVD88	21
294528095562501	-95.940	29.758	-26.48	median	-23.42	-26.48	918.0	152.00	NAVD88	7
294529095371801	-95.622	29.758	-57.89	mean	-57.89	-58.53	1220.0	85.36	NAVD88	6
294538095344601	-95.579	29.761	-28.64	mean	-28.64	-28.54	467.0	74.39	NAVD88	6
294548095372801	-95.625	29.764	-42.01	median	-54.30	-42.01	1190.0	85.90	NAVD88	11
294548095481401	-95.805	29.762	-42.03	mean	-42.03	-42.08	1022.0	129.05	NAVD88	7
294601095041901	-95.074	29.767	-23.96	mean	-23.96	-23.55	462.0	24.30	NAVD88	7
294602095092403	-95.157	29.767	-25.51	median	-25.46	-25.51	210.0	24.21	NAVD88	3
294602095092405	-95.157	29.767	-26.95	mean	-26.95	-26.53	310.0	24.21	NAVD88	5
294606095383901	-95.644	29.769	-21.94	median	-21.94	-21.94	400.0	82.12	NAVD88	1
294607095492201	-95.822	29.769	-33.38	mean	-33.38	-31.41	664.0	131.55	NAVD88	4
294619095142701	-95.242	29.773	-45.16	mean	-45.16	-44.94	1007.0	29.41	NAVD88	7
294627095375801	-95.637	29.754	-76.12	median	-81.22	-76.12	1135.0	88.95	NAVD88	11
294637095022901	-95.042	29.777	-25.43	mean	-25.43	-25.59	500.0	24.07	NAVD88	7
294645095104401	-95.179	29.779	-42.39	mean	-42.39	-40.61	1220.0	26.09	NAVD88	7
294656095382501	-95.641	29.782	-80.44	median	-85.16	-80.44	1170.0	92.67	NAVD88	12
294702095394001	-95.664	29.783	-80.89	mean	-80.89	-77.77	1288.0	94.05	NAVD88	10
294712095401301	-95.671	29.787	-74.47	mean	-74.47	-74.74	1394.0	97.78	NAVD88	7
294716095401201	-95.670	29.788	-21.78	median	-31.64	-21.78	533.0	98.00	NAVD88	11
294717095401001	-95.670	29.788	-82.23	median	-90.31	-82.23	1641.0	99.08	NAVD88	12
294720095474301	-95.795	29.789	-70.26	mean	-70.26	-69.81	1170.0	139.00	NAVD88	6
294721095361001	-95.603	29.789	-87.31	median	-70.52	-87.31	1135.0	84.34	NAVD88	9
294722095165901	-95.283	29.790	-43.32	mean	-43.32	-43.34	897.0	37.81	NAVD88	6
294723095370501	-95.618	29.790	-82.67	median	-95.32	-82.67	1712.0	90.60	NAVD88	10
294723095382601	-95.641	29.790	-78.58	median	-83.57	-78.58	1238.0	94.15	NAVD88	10
294724095351401	-95.587	29.790	-43.15	mean	-43.15	-42.77	1575.0	90.91	NAVD88	4
294726095351102	-95.586	29.791	-84.35	mean	-84.35	-83.71	1802.0	91.06	NAVD88	73
294726095351104	-95.587	29.791	-19.34	mean	-19.34	-19.29	237.0	90.16	NAVD88	76
294728095200102	-95.334	29.791	-55.30	mean	-55.30	-55.03	1596.0	46.01	NAVD88	21
294728095200103	-95.334	29.791	-39.63	mean	-39.63	-39.58	487.0	46.01	NAVD88	76
294728095200104	-95.334	29.791	-44.92	mean	-44.92	-44.82	1035.0	46.01	NAVD88	21
294728095200105	-95.334	29.791	-27.31	mean	-27.31	-27.26	298.0	46.01	NAVD88	21
294731095414201	-95.694	29.788	-82.43	median	-90.28	-82.43	1336.0	108.90	NAVD88	9
294732095103401	-95.177	29.794	-41.01	mean	-41.01	-40.43	1198.0	29.72	NAVD88	7
294735095344001	-95.578	29.793	-84.54	mean	-84.54	-81.66	1374.0	89.97	NAVD88	10
294737095080801	-95.136	29.794	-43.33	median	-43.33	-43.33	1476.0	32.00	NAVD88	2
294747095444701	-95.747	29.797	-79.46	mean	-79.46	-78.11	1210.0	125.97	NAVD88	7
294753095454001	-95.762	29.797	-70.20	mean	-70.20	-65.40	1170.0	133.10	NAVD88	5
294800095344101	-95.578	29.800	-75.67	median	-89.67	-75.67	1165.0	91.40	NAVD88	7
294802095490201	-95.817	29.801	-62.82	mean	-62.82	-63.59	902.0	145.00	NAVD88	6
294803095105701	-95.183	29.801	-41.61	mean	-41.61	-40.89	1160.0	31.65	NAVD88	7
294805095435901	-95.733	29.801	-11.74	mean	-11.74	-11.38	541.0	124.00	NAVD88	6
294807095484901	-95.819	29.803	2.09	mean	2.09	2.05	240.0	146.98	NAVD88	5
294812095013001	-95.025	29.804	-22.81	mean	-22.81	-22.80	498.0	31.35	NAVD88	6
294820095342002	-95.573	29.806	-80.23	mean	-80.23	-79.72	1573.0	94.23	NAVD88	5
294844095342401	-95.574	29.812	-83.13	median	-91.87	-83.13	1556.0	94.47	NAVD88	10
294900095312101	-95.523	29.817	-46.37	median	-59.09	-46.37	1451.0	84.54	NAVD88	9
294901095221001	-95.370	29.817	-40.77	mean	-40.77	-40.77	1152.0	61.62	NAVD88	7
294916095314601	-95.530	29.821	-74.85	median	-78.40	-74.85	1454.0	88.44	NAVD88	10
294916095491901	-95.822	29.821	-53.48	median	-60.91	-53.48	1025.0	153.00	NAVD88	5
294921095312907	-95.525	29.823	-35.95	median	-40.42	-35.95	734.0	85.16	NAVD88	10
294924095024301	-95.046	29.824	-21.80	mean	-21.80	-22.45	510.0	39.35	NAVD88	6
294925095341201	-95.570	29.825	-81.51	median	-93.47	-81.51	1528.0	96.44	NAVD88	9
294932094551401	-94.921	29.826	-20.24	mean	-20.24	-20.12	375.0	26.28	NAVD88	7
294950095313701	-95.527	29.831	-42.32	median	-59.30	-42.32	1485.0	89.81	NAVD88	8
294950095313702	-95.527	29.831	-85.14	mean	-85.14	-86.81	1513.0	89.81	NAVD88	7
294952095002501	-95.007	29.831	-22.62	median	-22.62	-22.62	470.0	42.00	NAVD88	2
294952095342601	-95.574	29.831	-75.35	mean	-75.35	-73.52	1200.0	98.58	NAVD88	8
294959095405501	-95.683	29.834	-61.91	mean	-61.91	-63.26	1075.0	115.76	NAVD88	7
295001094544401	-94.912	29.834	-37.48	mean	-37.48	-38.04	922.0	25.25	NAVD88	7
295027095312301	-95.523	29.841	-84.99	mean	-84.99	-85.96	1475.0	88.74	NAVD88	6
295040094582101	-94.973	29.845	-22.45	median	-22.45	-22.45	326.0	32.00	NAVD88	2
295044095565201	-95.948	29.846	1.30	median	0.75	1.30	1064.0	180.04	NAVD88	5
295052095005901	-95.016	29.848	-21.72	median	-21.72	-21.72	468.0	44.00	NAVD88	1
295052095010001	-95.017	29.848	-22.11	median	-22.11	-22.11	468.0	43.00	NAVD88	1
295114095490101	-95.817	29.854	-65.92	median	-65.92	-65.92	1014.0	156.00	NAVD88	1
295150095254601	-95.431	29.864	-59.01	mean	-59.01	-60.01	1520.0	84.74	NAVD88	7
295151095462401	-95.773	29.864	-77.36	median	-73.81	-77.36	1280.0	146.00	NAVD88	7
295158095524201	-95.879	29.866	-3.51	median	-4.05	-3.51	390.0	173.00	NAVD88	4
295203095261401	-95.438	29.867	-78.30	median	-90.99	-78.30	1635.0	86.21	NAVD88	10
295204095261301	-95.438	29.867	-62.45	median	-69.47	-62.45	1075.0	84.99	NAVD88	8
295207095024201	-95.045	29.869	-20.85	median	-20.85	-20.85	414.0	48.00	NAVD88	2
295207095024401	-95.046	29.869	-20.95	median	-20.95	-20.95	414.0	47.00	NAVD88	2
295207095262102	-95.436	29.869	-36.02	mean	-36.02	-35.84	565.0	83.92	NAVD88	6
295218095572701	-95.958	29.872	30.95	mean	30.95	30.93	839.0	185.66	NAVD88	5
295226095071801	-95.122	29.874	-35.63	mean	-35.63	-35.37	1625.0	45.27	NAVD88	7
295226095502401	-95.840	29.874	-33.09	median	-33.09	-33.09	790.0	165.00	NAVD88	2
295228095065101	-95.115	29.875	-27.10	mean	-27.10	-26.65	1628.0	47.84	NAVD88	7
295228095262901	-95.442	29.875	-48.86	median	-67.48	-48.86	1668.0	86.67	NAVD88	10
295228095263101	-95.442	29.874	-82.61	median	-96.14	-82.61	1661.0	86.10	NAVD88	9
295229095062701	-95.108	29.875	-34.70	mean	-34.70	-34.55	1568.0	44.82	NAVD88	7
295229095074101	-95.128	29.876	-33.90	mean	-33.90	-33.45	1608.0	46.46	NAVD88	4
295235095414301	-95.692	29.876	-75.61	mean	-75.61	-74.70	967.0	131.44	NAVD88	7
295240095375601	-95.632	29.877	-89.88	median	-93.62	-89.88	1369.0	119.72	NAVD88	8
295243095383101	-95.641	29.879	-78.54	median	-81.88	-78.54	1379.0	123.04	NAVD88	8
295246095351301	-95.587	29.880	-60.88	median	-72.04	-60.88	1509.0	110.82	NAVD88	9
295247095344701	-95.580	29.880	-53.90	median	-63.13	-53.90	1480.0	107.72	NAVD88	9
295249095364701	-95.613	29.880	-91.92	median	-96.80	-91.92	1438.0	119.06	NAVD88	9
295249095370701	-95.618	29.880	-57.63	mean	-57.63	-57.70	1080.0	119.87	NAVD88	6
295251095264502	-95.446	29.881	-54.71	mean	-54.71	-54.97	1698.0	86.36	NAVD88	6
295252095300401	-95.501	29.881	-71.03	mean	-71.03	-69.80	952.0	87.02	NAVD88	12
295254095361901	-95.606	29.883	-92.79	median	-98.13	-92.79	1444.0	117.03	NAVD88	9
295259095065401	-95.115	29.883	-26.92	mean	-26.92	-26.60	1560.0	46.81	NAVD88	6
295301095393901	-95.661	29.884	-50.85	mean	-50.85	-52.48	1145.0	127.94	NAVD88	7
295306095270502	-95.451	29.885	-63.80	median	-69.81	-63.80	1480.0	85.71	NAVD88	9
295311095502101	-95.839	29.887	-24.81	median	-24.81	-24.81	790.0	165.00	NAVD88	2
295316095562801	-95.941	29.888	23.56	mean	23.56	22.26	1002.0	190.89	NAVD88	7
295321094522701	-94.874	29.889	-19.57	median	-19.57	-19.57	560.0	36.00	NAVD88	2
295339095383201	-95.642	29.894	-50.20	mean	-50.20	-52.63	990.0	123.76	NAVD88	7
295339095442101	-95.739	29.894	-98.22	median	-98.22	-98.22	1262.0	145.00	NAVD88	2
295438095482401	-95.807	29.910	-1.74	median	-3.05	-1.74	600.0	161.00	NAVD88	5
295449095084102	-95.145	29.914	-38.51	mean	-38.51	-38.41	1503.0	53.82	NAVD88	19
295449095084103	-95.145	29.914	-32.71	mean	-32.71	-32.56	699.0	53.82	NAVD88	19
295449095084104	-95.145	29.914	-35.81	mean	-35.81	-36.61	1048.0	53.82	NAVD88	19
295449095084105	-95.146	29.913	-36.91	mean	-36.91	-36.45	1940.0	51.98	NAVD88	76
295451095083901	-95.144	29.914	-26.01	median	-36.88	-26.01	540.0	57.11	NAVD88	5
295452095423301	-95.709	29.914	-83.83	mean	-83.83	-84.40	1216.0	143.00	NAVD88	6
295505095462201	-95.773	29.918	13.12	mean	13.12	13.11	565.0	158.90	NAVD88	5
295529095043501	-95.080	29.925	-27.04	mean	-27.04	-26.50	976.0	43.99	NAVD88	7
295529095291601	-95.488	29.925	-58.44	mean	-58.44	-59.24	790.0	103.00	NAVD88	7
295544095462401	-95.774	29.929	15.06	mean	15.06	14.99	968.0	159.85	NAVD88	5
295552095140801	-95.236	29.931	-49.13	median	-49.13	-49.13	1072.0	51.00	NAVD88	2
295553095191201	-95.319	29.932	-56.18	median	-62.55	-56.18	1680.0	71.74	NAVD88	11
295605095184701	-95.314	29.935	-38.67	mean	-38.67	-38.60	1108.0	72.25	NAVD88	7
295610095183701	-95.310	29.936	-27.61	median	-28.64	-27.61	391.0	71.00	NAVD88	3
295626095112101	-95.189	29.941	-33.01	median	-33.01	-33.01	450.0	55.00	NAVD88	2
295644095261001	-95.437	29.946	-62.42	median	-70.11	-62.42	1050.0	94.31	NAVD88	12
295651095083501	-95.138	29.946	-27.69	median	-28.13	-27.69	512.0	60.06	NAVD88	6
295704095320301	-95.535	29.953	-58.23	mean	-58.23	-54.13	795.0	115.88	NAVD88	11
295705095320201	-95.535	29.953	-58.46	mean	-58.46	-54.00	784.0	116.28	NAVD88	11
295709096013101	-96.026	29.953	36.67	median	36.67	36.67	1404.0	175.79	NAVD88	1
295711095330201	-95.551	29.953	-57.95	median	-65.52	-57.95	730.0	119.99	NAVD88	11
295722095372001	-95.622	29.957	-39.15	mean	-39.15	-39.03	895.0	134.83	NAVD88	7
295723095340201	-95.557	29.963	-65.81	median	-66.32	-65.81	1020.0	122.32	NAVD88	10
295754095324901	-95.547	29.971	-46.00	median	-50.73	-46.00	824.0	123.83	NAVD88	10
295817095065501	-95.118	29.972	-15.25	median	-15.05	-15.25	555.0	64.46	NAVD88	3
295820094534501	-94.896	29.972	-14.02	median	-14.02	-14.02	425.0	49.00	NAVD88	2
295826095390401	-95.651	29.974	-20.78	mean	-20.78	-20.95	618.0	142.00	NAVD88	6
295831095530801	-95.886	29.976	33.07	mean	33.07	34.12	1007.0	219.39	NAVD88	7
295836095434201	-95.729	29.977	-10.27	median	-10.27	-10.27	576.0	152.00	NAVD88	2
295841095461301	-95.771	29.978	6.42	median	6.82	6.42	324.0	164.00	NAVD88	6
295849095591501	-95.988	29.980	29.97	median	29.97	29.97	430.0	212.00	NAVD88	2
295850095201301	-95.338	29.980	-54.36	median	-64.14	-54.36	1545.0	89.83	NAVD88	11
295855095204301	-95.346	29.982	-52.63	mean	-52.63	-52.61	1540.0	88.86	NAVD88	6
295946095415601	-95.699	29.996	-77.48	median	-77.48	-77.48	1486.0	157.00	NAVD88	1
295952095430701	-95.719	29.998	-82.64	median	-82.14	-82.64	1145.0	159.00	NAVD88	3
295953095474001	-95.794	29.998	-54.00	median	-52.77	-54.00	1400.0	202.00	NAVD88	7
295955095502601	-95.841	29.999	20.19	mean	20.19	20.08	750.0	207.00	NAVD88	7
300013094580901	-94.969	30.004	-7.84	mean	-7.84	-7.63	837.0	67.06	NAVD88	4
300018095225701	-95.384	30.008	-50.53	mean	-50.53	-50.67	990.0	94.06	NAVD88	5
300037095084802	-95.147	30.011	-35.35	mean	-35.35	-34.30	1205.0	68.26	NAVD88	7
300050095275301	-95.464	30.014	-51.21	mean	-51.21	-52.47	1165.0	117.69	NAVD88	6
300055095434101	-95.728	30.015	11.19	mean	11.19	11.52	605.0	173.00	NAVD88	6
300101095211301	-95.354	30.017	-8.31	mean	-8.31	-8.37	346.0	83.81	NAVD88	6
300111095132302	-95.222	30.019	-26.17	median	-26.17	-26.17	666.0	55.61	NAVD88	1
300122095063601	-95.110	30.023	-26.93	median	-30.70	-26.93	1080.0	69.08	NAVD88	9
300123095264501	-95.446	30.023	-45.47	mean	-45.47	-46.30	1030.0	111.45	NAVD88	7
300129095373201	-95.626	30.025	-90.95	mean	-90.95	-92.08	1052.0	151.00	NAVD88	4
300133095065101	-95.115	30.027	-25.47	median	-31.01	-25.47	1010.0	68.11	NAVD88	9
300137095465801	-95.783	30.027	-56.01	mean	-56.01	-56.11	1144.0	192.00	NAVD88	7
300146095241801	-95.405	30.030	-44.06	mean	-44.06	-43.73	560.0	87.10	NAVD88	7
300146095510402	-95.851	30.030	32.40	mean	32.40	32.34	332.0	223.97	NAVD88	4
300154095515101	-95.864	30.032	23.54	mean	23.54	22.79	790.0	233.00	NAVD88	7
300211095350102	-95.584	30.037	-23.74	mean	-23.74	-23.35	600.0	150.29	NAVD88	7
300225095144202	-95.250	30.041	-31.92	mean	-31.92	-31.70	965.0	87.49	NAVD88	8
300226095150001	-95.250	30.041	-36.00	median	-40.75	-36.00	980.0	86.00	NAVD88	9
300231095113701	-95.190	30.046	-32.76	median	-33.44	-32.76	918.0	54.45	NAVD88	8
300239095212601	-95.358	30.044	-39.36	mean	-39.36	-40.14	725.0	83.21	NAVD88	5
300239095431101	-95.720	30.044	16.90	median	16.90	16.90	250.0	185.80	NAVD88	1
300242094565701	-94.949	30.045	-1.14	median	-1.76	-1.14	940.0	77.42	NAVD88	3
300248095105301	-95.177	30.050	-31.51	median	-34.18	-31.51	1136.0	53.57	NAVD88	8
300249095355701	-95.599	30.047	-22.41	mean	-22.41	-22.82	550.0	161.38	NAVD88	7
300251095265401	-95.448	30.049	-90.79	mean	-90.79	-93.18	1074.0	103.90	NAVD88	7
300254094531801	-94.888	30.049	-8.63	median	-8.63	-8.63	1314.0	82.41	NAVD88	1
300258095145301	-95.243	30.066	-29.53	mean	-29.53	-29.96	1046.0	83.89	NAVD88	7
300301095361301	-95.604	30.051	-23.24	median	-25.74	-23.24	530.0	158.42	NAVD88	7
300302095113301	-95.189	30.054	-34.79	median	-36.53	-34.79	1044.0	59.21	NAVD88	9
300318095553401	-95.926	30.055	16.43	median	15.11	16.43	558.0	250.32	NAVD88	5
300321095060201	-95.097	30.057	-20.32	median	-26.31	-20.32	1014.0	70.60	NAVD88	11
300331095092201	-95.156	30.059	-28.24	median	-31.88	-28.24	900.0	66.32	NAVD88	9
300332095054301	-95.096	30.059	-19.32	median	-25.56	-19.32	1032.0	70.92	NAVD88	11
300334095113401	-95.189	30.063	-34.34	median	-44.44	-34.34	1100.0	72.18	NAVD88	12
300343095090301	-95.153	30.065	-26.77	median	-34.59	-26.77	1130.0	53.76	NAVD88	10
300355095093501	-95.160	30.066	-26.74	median	-29.14	-26.74	1160.0	66.73	NAVD88	9
300359095122902	-95.208	30.067	-28.54	median	-41.95	-28.54	832.0	70.80	NAVD88	5
300403095125402	-95.216	30.082	-29.12	median	-34.27	-29.12	839.0	77.26	NAVD88	10
300408095115201	-95.198	30.069	-35.41	median	-38.40	-35.41	1060.0	74.70	NAVD88	8
300408095485701	-95.816	30.069	50.92	mean	50.92	51.39	1160.0	246.50	NAVD88	5
300413095002201	-95.007	30.071	-1.85	median	-1.89	-1.85	1017.0	84.45	NAVD88	5
300417094404801	-94.680	30.072	10.94	mean	10.94	11.01	1180.0	69.81	NAVD88	5
300419095591101	-95.987	30.072	1.02	median	2.91	1.02	645.0	276.02	NAVD88	4
300421095424401	-95.712	30.073	-55.85	mean	-55.85	-54.36	1160.0	217.00	NAVD88	6
300426095123902	-95.213	30.074	-32.75	median	-34.79	-32.75	827.0	78.03	NAVD88	9
300439095202201	-95.339	30.078	-29.78	median	-28.77	-29.78	585.0	90.58	NAVD88	7
300440095464101	-95.778	30.078	-38.99	median	-39.55	-38.99	984.0	241.00	NAVD88	6
300446095121901	-95.204	30.081	-33.20	median	-48.16	-33.20	1190.0	74.08	NAVD88	11
300447095444101	-95.745	30.080	30.71	mean	30.71	30.51	302.0	233.83	NAVD88	7
300451095335501	-95.565	30.081	-101.00	median	-101.00	-101.00	984.0	144.00	NAVD88	2
300457095245801	-95.416	30.083	17.26	median	17.26	17.26	225.0	120.56	NAVD88	1
300507095280201	-95.468	30.086	-58.35	median	-55.45	-58.35	1000.0	136.53	NAVD88	7
300521095365101	-95.614	30.089	15.13	mean	15.13	15.18	412.0	180.75	NAVD88	6
300534095112801	-95.191	30.093	-18.05	median	-18.86	-18.05	900.0	78.86	NAVD88	6
300534095531001	-95.886	30.093	39.80	median	39.80	39.80	442.0	261.00	NAVD88	2
300542096045401	-96.082	30.095	23.81	mean	23.81	23.94	732.0	236.28	NAVD88	6
300544095231501	-95.388	30.096	-96.58	mean	-96.58	-94.97	1182.0	100.87	NAVD88	6
300544095590701	-95.985	30.096	4.27	median	2.96	4.27	587.0	285.26	NAVD88	7
300547095583901	-95.977	30.096	-1.26	median	-0.41	-1.26	600.0	281.38	NAVD88	5
300547095593802	-95.994	30.096	8.23	median	6.81	8.23	572.0	257.39	NAVD88	6
300556095590901	-95.986	30.099	5.17	median	5.15	5.17	585.0	268.73	NAVD88	7
300613094541501	-94.904	30.104	-1.27	median	-1.27	-1.27	470.0	83.00	NAVD88	2
300621095225201	-95.381	30.106	-100.86	mean	-100.86	-100.72	1066.0	103.65	NAVD88	6
300637095240801	-95.402	30.112	-18.41	mean	-18.41	-19.93	506.0	105.45	NAVD88	7
300640095182001	-95.306	30.111	6.56	median	6.56	6.56	300.0	104.74	NAVD88	2
300641095003101	-95.009	30.112	3.93	median	3.68	3.93	1006.0	81.93	NAVD88	3
300643095214301	-95.363	30.112	-18.75	mean	-18.75	-18.52	492.0	98.08	NAVD88	6
300647095245201	-95.414	30.113	-12.30	median	-12.75	-12.30	300.0	106.64	NAVD88	3
300658095443101	-95.742	30.116	35.66	mean	35.66	35.45	298.0	227.50	NAVD88	7
300709095545301	-95.915	30.119	-0.53	median	-1.47	-0.53	778.0	292.00	NAVD88	6
300717095463601	-95.777	30.121	45.13	mean	45.13	45.17	204.0	201.61	NAVD88	4
300720095005201	-95.014	30.122	7.49	median	7.49	7.49	580.0	86.15	NAVD88	1
300720095165701	-95.283	30.122	-13.98	mean	-13.98	-13.18	285.0	108.59	NAVD88	5
300720095173201	-95.292	30.122	-13.83	median	-13.78	-13.83	634.0	107.07	NAVD88	5
300727095044801	-95.080	30.124	8.10	median	8.10	8.10	325.0	88.00	NAVD88	1
300732095292101	-95.491	30.125	-91.74	mean	-91.74	-93.05	870.0	126.65	NAVD88	7
300742095244301	-95.412	30.131	-7.63	median	-7.62	-7.63	425.0	111.16	NAVD88	7
300748094554501	-94.931	30.131	3.53	median	2.85	3.53	401.0	96.49	NAVD88	4
300801095393701	-95.661	30.134	-50.67	median	-54.51	-50.67	642.0	189.23	NAVD88	3
300806095130201	-95.217	30.135	-10.22	median	-10.75	-10.22	660.0	103.84	NAVD88	6
300811095291702	-95.492	30.138	-87.66	mean	-87.66	-91.25	1180.0	138.08	NAVD88	7
300811095324902	-95.547	30.136	16.81	median	15.95	16.81	380.0	177.00	NAVD88	6
300816095274701	-95.463	30.140	-90.56	mean	-90.56	-94.37	944.0	135.58	NAVD88	7
300819095315501	-95.533	30.137	-79.41	mean	-79.41	-78.00	945.0	140.23	NAVD88	6
300824095274701	-95.463	30.140	0.91	median	0.62	0.91	246.0	135.79	NAVD88	16
300826095270801	-95.452	30.141	-7.31	median	-8.62	-7.31	570.0	134.17	NAVD88	7
300838095244701	-95.413	30.144	-4.43	median	-3.83	-4.43	558.0	116.74	NAVD88	7
300844095242101	-95.406	30.146	-1.19	median	-2.03	-1.19	590.0	116.85	NAVD88	7
300849095143301	-95.243	30.147	-10.99	median	-10.74	-10.99	600.0	110.41	NAVD88	36
300920095271402	-95.454	30.156	-87.34	mean	-87.34	-90.05	1025.0	141.71	NAVD88	7
300923095282601	-95.474	30.156	-88.75	mean	-88.75	-93.95	1050.0	143.36	NAVD88	7
300925095132501	-95.224	30.157	-7.71	median	-6.79	-7.71	620.0	98.25	NAVD88	6
300925095264501	-95.446	30.157	-87.39	mean	-87.39	-87.81	1010.0	129.74	NAVD88	6
300929095053301	-95.093	30.158	-6.79	median	-6.79	-6.79	775.0	106.00	NAVD88	1
300931095053401	-95.093	30.159	-6.94	median	-6.94	-6.94	850.0	105.00	NAVD88	1
300954095421101	-95.703	30.165	48.00	median	48.00	48.00	210.0	246.16	NAVD88	2
300956095263001	-95.442	30.166	-84.81	mean	-84.81	-83.29	1014.0	136.43	NAVD88	5
301002095251401	-95.420	30.168	4.79	median	5.19	4.79	360.0	115.85	NAVD88	6
301007095303001	-95.508	30.169	-83.73	mean	-83.73	-85.48	1052.0	165.85	NAVD88	7
301020095442801	-95.741	30.172	34.53	mean	34.53	33.70	360.0	233.74	NAVD88	7
301021095153501	-95.260	30.172	-59.48	median	-58.90	-59.48	1102.0	108.86	NAVD88	5
301033095300602	-95.502	30.175	-82.11	mean	-82.11	-83.86	1030.0	163.83	NAVD88	7
301034095283802	-95.477	30.176	-81.84	mean	-81.84	-84.34	1000.0	134.68	NAVD88	7
301039095092901	-95.158	30.177	-32.34	mean	-32.34	-32.09	1315.0	107.38	NAVD88	7
301047095104801	-95.184	30.183	-23.59	median	-19.52	-23.59	701.0	87.48	NAVD88	5
301051095322402	-95.540	30.181	-80.45	median	-81.07	-80.45	961.0	170.95	NAVD88	7
301103095334302	-95.563	30.185	-74.00	mean	-74.00	-75.24	906.0	180.68	NAVD88	7
301106095351101	-95.586	30.185	-69.10	mean	-69.10	-70.37	915.0	192.45	NAVD88	7
301108095293201	-95.492	30.185	-69.22	median	-69.22	-69.22	1005.0	156.70	NAVD88	2
301135095290102	-95.477	30.194	-74.87	mean	-74.87	-77.53	1094.0	141.49	NAVD88	7
301136095212101	-95.356	30.193	-10.27	mean	-10.27	-10.80	462.0	143.46	NAVD88	7
301139095393801	-95.661	30.194	44.59	mean	44.59	44.65	220.0	200.33	NAVD88	6
301157095273301	-95.459	30.199	-75.35	mean	-75.35	-77.31	958.0	131.57	NAVD88	7
301207095134901	-95.230	30.202	9.03	median	9.70	9.03	344.0	117.00	NAVD88	7
301211095284601	-95.479	30.203	-71.08	mean	-71.08	-69.71	953.0	155.78	NAVD88	6
301215095255401	-95.432	30.204	18.65	mean	18.65	18.78	265.0	122.83	NAVD88	7
301218095445401	-95.749	30.205	-20.97	median	-26.25	-20.97	662.0	272.91	NAVD88	5
301220095305502	-95.515	30.206	-69.66	mean	-69.66	-70.81	1064.0	193.55	NAVD88	7
301223095040301	-95.068	30.206	0.15	median	0.15	0.15	705.0	115.00	NAVD88	2
301225095315902	-95.533	30.207	-70.54	mean	-70.54	-71.43	1120.0	176.34	NAVD88	7
301228095272501	-95.457	30.208	-73.20	mean	-73.20	-75.03	807.0	129.25	NAVD88	38
301234095255802	-95.433	30.209	20.97	mean	20.97	21.16	256.0	126.11	NAVD88	7
301247095054201	-95.095	30.213	11.53	median	11.53	11.53	359.0	91.00	NAVD88	2
301250095400701	-95.664	30.215	29.52	median	25.27	29.52	454.0	241.88	NAVD88	5
301256095270401	-95.451	30.216	-74.01	mean	-74.01	-75.35	1000.0	126.93	NAVD88	7
301258095323502	-95.543	30.216	-66.50	mean	-66.50	-67.74	976.0	193.48	NAVD88	7
301309095313001	-95.525	30.219	-67.25	mean	-67.25	-67.50	890.0	172.84	NAVD88	7
301310095190201	-95.317	30.219	18.44	mean	18.44	17.77	320.0	138.39	NAVD88	7
301311095335701	-95.566	30.220	-63.73	mean	-63.73	-64.06	718.0	198.41	NAVD88	4
301318095364501	-95.614	30.221	-58.17	mean	-58.17	-55.77	887.0	218.54	NAVD88	6
301335095385001	-95.647	30.226	-52.90	mean	-52.90	-57.65	677.0	216.81	NAVD88	7
301358095343302	-95.576	30.233	-55.23	median	-55.23	-55.23	1004.0	212.84	NAVD88	2
301408094442201	-94.741	30.237	15.04	mean	15.04	15.43	1150.0	94.93	NAVD88	7
301410095133501	-95.226	30.236	15.10	median	15.10	15.10	390.0	132.00	NAVD88	2
301411094432601	-94.724	30.237	14.84	mean	14.84	15.04	660.0	89.10	NAVD88	7
301412095133502	-95.226	30.237	15.05	median	15.05	15.05	390.0	132.00	NAVD88	2
301412095302101	-95.506	30.237	-63.78	median	-63.15	-63.78	836.0	174.89	NAVD88	3
301420095093201	-95.159	30.239	10.29	median	10.96	10.29	440.0	126.04	NAVD88	6
301445096020901	-96.036	30.246	35.40	median	35.40	35.40	293.0	264.78	NAVD88	2
301458095130601	-95.218	30.250	18.47	median	18.47	18.47	352.0	123.00	NAVD88	2
301458095130801	-95.219	30.250	19.75	median	19.75	19.75	352.0	127.00	NAVD88	2
301500095122301	-95.207	30.250	16.24	median	16.24	16.24	353.0	117.00	NAVD88	2
301501095122501	-95.207	30.251	16.47	median	16.47	16.47	353.0	118.00	NAVD88	1
301516095264301	-95.446	30.255	-59.15	mean	-59.15	-60.71	702.0	125.93	NAVD88	7
301518095494001	-95.828	30.255	65.05	mean	65.05	66.11	267.0	304.20	NAVD88	7
301529095042401	-95.074	30.258	12.47	mean	12.47	13.07	460.0	128.00	NAVD88	6
301534095421501	-95.704	30.260	48.28	mean	48.28	48.60	338.0	255.00	NAVD88	6
301614095284201	-95.478	30.271	-46.66	mean	-46.66	-43.55	710.0	135.98	NAVD88	5
301717095432601	-95.724	30.288	-2.44	median	-2.44	-2.44	365.0	222.00	NAVD88	2
301835095202701	-95.341	30.310	-7.38	median	-7.38	-7.38	675.0	185.00	NAVD88	1
301839094575201	-94.965	30.311	19.25	mean	19.25	19.22	347.0	134.96	NAVD88	7
301840094574501	-94.961	30.311	18.82	mean	18.82	19.13	469.0	132.91	NAVD88	7
301853095180701	-95.302	30.315	22.36	median	22.46	22.36	345.0	186.32	NAVD88	3
301904095414801	-95.697	30.318	23.06	mean	23.06	23.12	389.0	307.56	NAVD88	6
301924094585601	-94.983	30.324	19.88	mean	19.88	20.31	523.0	137.71	NAVD88	7
301931095145301	-95.248	30.325	39.50	mean	39.50	39.77	210.0	182.41	NAVD88	7
301931095355801	-95.599	30.325	17.04	median	15.32	17.04	550.5	250.30	NAVD88	7
301938094585501	-94.982	30.322	20.89	mean	20.89	21.82	530.0	137.26	NAVD88	7
301948095030701	-95.052	30.330	24.00	mean	24.00	24.77	400.0	137.44	NAVD88	7
301948095290002	-95.484	30.330	46.96	mean	46.96	47.00	261.0	238.76	NAVD88	16
302154094590701	-94.985	30.366	39.73	mean	39.73	39.79	502.0	153.24	NAVD88	5
302156095001501	-95.004	30.366	39.63	median	39.63	39.63	452.0	151.23	NAVD88	1
302204095002001	-95.006	30.368	28.15	mean	28.15	28.05	480.0	152.00	NAVD88	4
302301095194301	-95.329	30.384	17.96	median	18.14	17.96	570.0	267.83	NAVD88	7
302323095194201	-95.328	30.390	17.93	median	18.61	17.93	600.0	281.87	NAVD88	7
302353094593701	-94.994	30.399	40.18	mean	40.18	40.17	835.0	159.42	NAVD88	5
302422094563403	-94.964	30.408	25.65	mean	25.65	25.66	370.0	160.42	NAVD88	7
302429094575101	-94.964	30.408	26.00	mean	26.00	26.05	287.0	160.42	NAVD88	7
302434094574101	-94.962	30.409	25.62	mean	25.62	25.87	365.0	163.56	NAVD88	7
302436095263501	-95.443	30.410	61.23	mean	61.23	60.01	350.0	295.63	NAVD88	5
302511095300001	-95.505	30.420	44.55	mean	44.55	44.52	336.0	376.32	NAVD88	4
302547095203201	-95.342	30.430	24.39	median	24.39	24.39	388.0	292.00	NAVD88	2
303000095002001	-95.010	30.498	17.72	median	17.72	17.72	490.0	173.18	NAVD88	1
303031095224401	-95.379	30.509	58.43	median	58.43	58.43	315.0	413.00	NAVD88	2
304207095103001	-95.165	30.693	34.79	median	34.79	34.79	210.0	148.28	NAVD88	1
