Well_ID	Longitude	Latitude	GWLm	method	mean	median	well_constructed_depth	altitude	vertical_datum	Counts
285537095214001	-95.362	28.927	-7.46	mean	-7.46	-7.46	224.0	4.85	NAVD88	9
285654095215101	-95.364	28.949	-7.87	mean	-7.87	-7.79	249.0	4.91	NAVD88	12
285655095172302	-95.290	28.949	-12.16	median	-12.25	-12.16	300.0	4.91	NAVD88	12
285744095212102	-95.356	28.962	-6.25	median	-6.47	-6.25	258.0	4.91	NAVD88	12
285749095162201	-95.273	28.964	-12.23	median	-11.82	-12.23	300.0	4.91	NAVD88	3
285919095344701	-95.581	28.989	-11.95	mean	-11.95	-11.77	506.0	13.66	NAVD88	6
290000095192602	-95.325	29.000	-9.12	mean	-9.12	-9.11	232.0	4.98	NAVD88	12
290100095253201	-95.426	29.016	-22.53	mean	-22.53	-22.14	332.0	9.75	NAVD88	6
290142095111801	-95.188	29.028	-1.99	mean	-1.99	-1.99	335.0	5.00	NAVD88	7
290159095262701	-95.441	29.033	-26.92	mean	-26.92	-26.76	332.0	13.04	NAVD88	6
290213095240501	-95.401	29.037	-4.50	median	-4.96	-4.50	212.0	15.78	NAVD88	12
290214095421101	-95.703	29.037	0.71	median	-0.23	0.71	226.0	34.23	NAVD88	12
290320095253801	-95.427	29.056	-21.89	mean	-21.89	-21.30	338.0	17.06	NAVD88	6
290320095261701	-95.438	29.056	-23.04	mean	-23.04	-22.94	335.0	18.00	NAVD88	6
290346095243601	-95.410	29.063	-4.94	median	-5.02	-4.94	340.0	14.03	NAVD88	8
290410095353401	-95.593	29.069	-12.69	mean	-12.69	-12.88	420.0	27.00	NAVD88	5
290446095405101	-95.681	29.079	-5.87	median	-5.87	-5.87	450.0	19.00	NAVD88	1
290728095214301	-95.362	29.124	-5.65	mean	-5.65	-5.65	401.0	5.00	NAVD88	6
290834095384201	-95.645	29.143	-12.50	mean	-12.50	-11.91	659.0	34.28	NAVD88	11
291138095261501	-95.438	29.194	-13.95	median	-13.91	-13.95	819.0	29.96	NAVD88	12
291201095200701	-95.336	29.201	-6.44	median	-5.64	-6.44	960.0	14.20	NAVD88	12
291210095484001	-95.811	29.203	1.81	median	1.87	1.81	473.0	55.15	NAVD88	6
291305095352201	-95.589	29.220	-11.00	mean	-11.00	-10.96	867.0	35.01	NAVD88	11
291338095202401	-95.340	29.227	2.17	median	2.06	2.17	235.0	20.27	NAVD88	10
291344095205101	-95.348	29.229	-2.50	median	-2.25	-2.50	304.0	23.84	NAVD88	11
291359095113401	-95.193	29.233	-14.53	mean	-14.53	-13.94	898.0	13.38	NAVD88	12
291545095202401	-95.341	29.263	2.04	median	0.26	2.04	514.0	26.00	NAVD88	10
291855095265901	-95.450	29.316	-9.49	mean	-9.49	-9.29	400.0	45.00	NAVD88	5
291859095152601	-95.257	29.317	-16.77	mean	-16.77	-16.79	350.0	24.77	NAVD88	4
291919095485101	-95.814	29.322	5.83	mean	5.83	5.90	871.0	74.75	NAVD88	12
291948095135401	-95.232	29.330	-17.36	mean	-17.36	-17.12	400.0	20.41	NAVD88	12
291949095024801	-95.047	29.331	-14.55	mean	-14.55	-14.52	756.0	19.74	NAVD88	13
292037095010501	-95.018	29.344	-13.28	mean	-13.28	-13.35	1080.0	14.01	NAVD88	12
292054095171901	-95.289	29.349	-12.19	mean	-12.19	-12.19	473.0	29.75	NAVD88	11
292054095371301	-95.621	29.349	-10.54	median	-11.40	-10.54	874.0	57.42	NAVD88	12
292138095435801	-95.733	29.361	6.63	median	6.63	6.63	1195.0	74.80	NAVD88	1
292146095410301	-95.684	29.363	-7.92	median	-8.77	-7.92	1158.0	69.39	NAVD88	5
292204095281301	-95.471	29.368	-9.46	mean	-9.46	-9.17	923.0	50.08	NAVD88	9
292207094544001	-94.911	29.369	-11.35	mean	-11.35	-10.91	645.0	6.65	NAVD88	11
292208095042701	-95.074	29.369	-16.57	mean	-16.57	-16.54	775.0	19.53	NAVD88	12
292218095390801	-95.653	29.372	-11.58	median	-11.58	-11.58	1155.0	70.01	NAVD88	2
292233094541501	-94.904	29.376	-11.87	median	-13.98	-11.87	771.0	10.45	NAVD88	8
292246095553601	-95.927	29.380	7.52	median	7.52	7.52	363.0	86.54	NAVD88	2
292303094553201	-94.926	29.384	-11.17	mean	-11.17	-11.10	728.0	13.44	NAVD88	12
292314094563001	-94.942	29.387	-8.73	mean	-8.73	-8.53	702.0	9.99	NAVD88	12
292324094573801	-94.961	29.390	-12.06	mean	-12.06	-11.98	737.0	9.76	NAVD88	12
292335095133501	-95.226	29.393	-27.56	mean	-27.56	-27.77	728.0	38.69	NAVD88	12
292337094542801	-94.908	29.394	-10.67	median	-11.62	-10.67	772.0	9.86	NAVD88	12
292338095063601	-95.110	29.394	-19.97	mean	-19.97	-19.91	870.0	27.82	NAVD88	48
292354095505301	-95.848	29.398	7.37	mean	7.37	7.44	518.0	90.01	NAVD88	11
292356095475701	-95.799	29.399	-2.35	median	-1.71	-2.35	675.0	84.00	NAVD88	8
292403095052601	-95.091	29.401	-20.70	mean	-20.70	-20.58	771.0	25.88	NAVD88	12
292439094553101	-94.926	29.411	-13.86	mean	-13.86	-13.66	785.0	6.03	NAVD88	12
292443095045201	-95.081	29.412	-21.51	mean	-21.51	-21.39	781.0	24.94	NAVD88	12
292456095560101	-95.934	29.416	13.18	mean	13.18	13.40	564.0	95.08	NAVD88	11
292458094534201	-94.895	29.416	-4.68	mean	-4.68	-4.64	210.0	5.30	NAVD88	39
292458094534202	-94.895	29.416	-7.39	mean	-7.39	-7.37	302.0	5.30	NAVD88	40
292458094534203	-94.895	29.416	-8.35	mean	-8.35	-8.33	400.0	5.30	NAVD88	39
292458094534204	-94.895	29.416	-12.54	mean	-12.54	-12.26	535.0	5.30	NAVD88	39
292458094534205	-94.895	29.416	-13.19	mean	-13.19	-13.17	1060.0	5.30	NAVD88	39
292458094534206	-94.895	29.416	-12.72	mean	-12.72	-12.65	800.0	5.87	NAVD88	132
292459095451901	-95.756	29.417	9.88	mean	9.88	9.50	636.0	73.58	NAVD88	12
292528095272301	-95.456	29.424	-30.51	mean	-30.51	-30.76	920.0	56.00	NAVD88	5
292534095044501	-95.079	29.426	-21.98	mean	-21.98	-21.84	810.0	21.27	NAVD88	12
292535095151801	-95.255	29.427	-34.73	mean	-34.73	-34.53	690.0	42.44	NAVD88	10
292548094565601	-94.949	29.430	-6.47	median	-6.02	-6.47	692.0	4.98	NAVD88	9
292552095244401	-95.412	29.431	-34.89	mean	-34.89	-35.14	1158.0	47.00	NAVD88	4
292603095150901	-95.253	29.435	-35.54	mean	-35.54	-35.19	702.0	42.66	NAVD88	12
292605095571301	-95.954	29.435	13.54	mean	13.54	13.57	590.0	94.92	NAVD88	12
292619095060601	-95.102	29.439	-24.03	mean	-24.03	-23.74	750.0	16.77	NAVD88	12
292644095261601	-95.438	29.446	-37.21	median	-36.87	-37.21	1124.0	55.00	NAVD88	3
292653095233301	-95.392	29.448	-33.67	mean	-33.67	-33.30	1133.0	50.00	NAVD88	8
292841094584901	-94.984	29.481	-18.51	mean	-18.51	-18.48	660.0	10.71	NAVD88	9
292848094590001	-94.981	29.478	-19.20	mean	-19.20	-18.51	651.0	10.42	NAVD88	11
292859095380501	-95.635	29.483	-17.39	median	-19.48	-17.39	853.0	67.91	NAVD88	4
292900094585501	-94.983	29.483	-19.91	mean	-19.91	-20.16	664.0	12.66	NAVD88	10
292903095375501	-95.632	29.484	-20.05	median	-20.05	-20.05	702.0	72.84	NAVD88	2
292913094584301	-94.979	29.487	-19.80	mean	-19.80	-19.79	666.0	11.49	NAVD88	11
292918095235901	-95.400	29.489	-42.60	median	-42.60	-42.60	1047.0	55.00	NAVD88	1
292923095091601	-95.155	29.490	-27.81	mean	-27.81	-27.33	730.0	27.72	NAVD88	12
292927095195801	-95.333	29.491	-14.33	median	-15.18	-14.33	480.0	55.98	NAVD88	12
292935094583301	-94.978	29.492	-19.67	mean	-19.67	-18.88	670.0	11.47	NAVD88	10
292936096012701	-96.024	29.494	21.56	median	21.56	21.56	324.0	111.42	NAVD88	2
292941094563001	-94.942	29.495	-14.07	mean	-14.07	-13.97	670.0	9.81	NAVD88	12
292944095550101	-95.917	29.496	2.75	median	2.49	2.75	975.0	108.40	NAVD88	12
292951095335201	-95.565	29.498	-8.62	median	-9.36	-8.62	375.0	59.80	NAVD88	10
292953095460301	-95.768	29.498	-14.26	mean	-14.26	-13.83	1097.0	80.75	NAVD88	10
293000095171201	-95.256	29.550	-33.34	mean	-33.34	-33.41	620.0	44.70	NAVD88	12
293001095274601	-95.463	29.501	-9.11	median	-10.02	-9.11	524.0	63.21	NAVD88	10
293005095151801	-95.255	29.515	-20.71	mean	-20.71	-20.05	591.0	40.74	NAVD88	12
293006095492501	-95.824	29.502	-16.94	median	-18.62	-16.94	1402.0	93.17	NAVD88	12
293007096002001	-96.006	29.502	18.42	mean	18.42	18.45	270.0	111.49	NAVD88	8
293043095053301	-95.093	29.512	-28.06	mean	-28.06	-27.98	710.0	15.54	NAVD88	13
293107095280001	-95.467	29.519	-41.51	mean	-41.51	-40.99	1398.0	67.17	NAVD88	12
293113095220001	-95.370	29.521	-21.18	mean	-21.18	-20.84	370.0	62.37	NAVD88	12
293114096001001	-96.003	29.521	18.41	mean	18.41	18.42	304.0	114.97	NAVD88	7
293132095283301	-95.476	29.526	-39.91	mean	-39.91	-39.53	1320.0	72.49	NAVD88	11
293140095325001	-95.547	29.528	-39.45	mean	-39.45	-39.00	1300.0	54.29	NAVD88	12
293142095545501	-95.916	29.528	12.93	median	12.93	12.93	344.0	110.00	NAVD88	2
293156094515501	-94.866	29.532	-15.68	mean	-15.68	-15.62	683.0	0.00	NAVD88	6
293202095070301	-95.118	29.533	-29.99	mean	-29.99	-29.98	645.0	20.65	NAVD88	12
293219095485701	-95.816	29.539	-18.69	median	-18.08	-18.69	1313.0	99.48	NAVD88	11
293222095020301	-95.034	29.540	-27.20	mean	-27.20	-26.98	590.0	6.86	NAVD88	10
293226095471601	-95.788	29.541	-27.82	mean	-27.82	-26.83	1580.0	94.17	NAVD88	11
293235095251402	-95.421	29.543	-24.45	median	-24.45	-24.45	391.0	65.00	NAVD88	2
293237095504801	-95.847	29.544	-19.89	median	-22.05	-19.89	1178.0	102.96	NAVD88	11
293243095165201	-95.281	29.546	-36.95	mean	-36.95	-36.98	830.0	47.71	NAVD88	11
293245095414801	-95.697	29.546	-17.79	mean	-17.79	-17.65	840.0	81.17	NAVD88	12
293246095072501	-95.125	29.547	-25.19	mean	-25.19	-24.15	694.0	21.14	NAVD88	12
293247095054601	-95.096	29.546	-30.04	mean	-30.04	-29.66	680.0	16.22	NAVD88	12
293253095141001	-95.236	29.548	-31.86	mean	-31.86	-32.84	617.0	37.85	NAVD88	11
293306095050801	-95.084	29.552	-28.00	mean	-28.00	-27.83	680.0	12.12	NAVD88	12
293306095054101	-95.096	29.552	-27.17	mean	-27.17	-26.97	770.0	19.65	NAVD88	110
293312095334601	-95.561	29.553	-38.16	mean	-38.16	-38.06	1065.0	70.28	NAVD88	10
293314095474702	-95.796	29.553	-25.86	mean	-25.86	-25.73	1604.0	101.33	NAVD88	12
293321095311401	-95.521	29.556	-38.11	mean	-38.11	-38.18	1100.0	74.19	NAVD88	11
293332095411301	-95.687	29.559	-56.17	mean	-56.17	-53.39	1942.0	70.47	NAVD88	11
293338095451901	-95.756	29.561	6.15	mean	6.15	6.29	500.0	92.31	NAVD88	5
293340095400501	-95.667	29.561	-56.31	mean	-56.31	-56.36	1964.0	70.65	NAVD88	10
293342095333601	-95.560	29.561	-37.87	mean	-37.87	-38.37	1074.0	70.18	NAVD88	11
293344095082301	-95.140	29.563	-29.48	mean	-29.48	-29.64	635.0	32.37	NAVD88	11
293348095070601	-95.119	29.564	-6.47	median	-14.06	-6.47	1232.0	18.93	NAVD88	18
293348095070602	-95.119	29.564	-22.58	mean	-22.58	-22.21	392.0	18.93	NAVD88	30
293348095070603	-95.119	29.564	-31.06	mean	-31.06	-30.94	957.0	18.93	NAVD88	35
293349095070901	-95.119	29.564	-28.10	median	-27.74	-28.10	1740.0	19.68	NAVD88	49
293352095011601	-95.021	29.565	-27.22	mean	-27.22	-27.07	1381.0	8.28	NAVD88	134
293352095011602	-95.021	29.565	-27.30	mean	-27.30	-27.09	1381.0	8.05	NAVD88	37
293352095011603	-95.021	29.565	-26.62	mean	-26.62	-26.57	1308.0	8.05	NAVD88	26
293352095011605	-95.021	29.565	-17.41	mean	-17.41	-17.33	300.0	8.05	NAVD88	39
293352095011606	-95.021	29.565	-26.97	mean	-26.97	-26.86	920.0	8.05	NAVD88	39
293356095405901	-95.683	29.566	-52.71	mean	-52.71	-51.70	1784.0	72.65	NAVD88	11
293357095070801	-95.119	29.566	-30.60	mean	-30.60	-29.42	630.0	19.77	NAVD88	12
293401095054301	-95.095	29.567	-29.10	mean	-29.10	-28.86	629.0	16.23	NAVD88	12
293401095293002	-95.492	29.401	-18.15	median	-17.24	-18.15	537.0	60.09	NAVD88	12
293424095330701	-95.552	29.574	-40.55	mean	-40.55	-40.89	1200.0	65.75	NAVD88	11
293424095330702	-95.552	29.573	-42.22	mean	-42.22	-41.85	1320.0	67.65	NAVD88	11
293431095341801	-95.575	29.581	-39.81	mean	-39.81	-40.38	1188.0	68.63	NAVD88	11
293434095311501	-95.521	29.576	-38.92	mean	-38.92	-39.00	1308.0	76.21	NAVD88	10
293446095033901	-95.061	29.580	-27.67	mean	-27.67	-27.52	660.0	15.15	NAVD88	12
293453095283501	-95.477	29.582	-42.50	mean	-42.50	-41.93	565.0	68.44	NAVD88	10
293455095375701	-95.633	29.582	-19.06	median	-18.49	-19.06	463.0	70.03	NAVD88	10
293458095454301	-95.762	29.583	-0.77	median	-0.42	-0.77	518.0	90.75	NAVD88	12
293458095454501	-95.763	29.583	-0.05	median	0.23	-0.05	431.0	90.13	NAVD88	12
293506095481101	-95.803	29.585	8.26	mean	8.26	8.08	305.0	88.36	NAVD88	7
293512095330301	-95.551	29.587	-41.07	mean	-41.07	-41.49	1110.0	71.48	NAVD88	11
293523095483701	-95.810	29.590	-5.05	median	-5.61	-5.05	659.0	90.07	NAVD88	11
293523095483702	-95.810	29.590	2.20	median	1.72	2.20	460.0	90.08	NAVD88	11
293527095271501	-95.454	29.591	-45.69	mean	-45.69	-45.11	1050.0	61.46	NAVD88	12
293528095515701	-95.869	29.592	16.07	mean	16.07	16.27	422.0	116.27	NAVD88	5
293539095054201	-95.098	29.593	-28.90	mean	-28.90	-28.67	610.0	17.28	NAVD88	12
293543095274901	-95.464	29.596	-49.11	median	-59.32	-49.11	1220.0	63.26	NAVD88	20
293545095413301	-95.690	29.596	-26.16	mean	-26.16	-27.23	1058.0	74.94	NAVD88	7
293546095374901	-95.631	29.596	-54.32	mean	-54.32	-54.91	1724.0	71.26	NAVD88	11
293606095555301	-95.932	29.602	19.19	median	19.19	19.19	292.0	111.36	NAVD88	2
293610095225601	-95.382	29.603	-29.65	mean	-29.65	-29.71	315.0	53.00	NAVD88	4
293628095312801	-95.524	29.607	-44.35	mean	-44.35	-44.86	1256.0	72.32	NAVD88	11
293637095224801	-95.380	29.610	-46.51	mean	-46.51	-47.21	838.0	56.00	NAVD88	5
293641095545001	-95.914	29.612	17.26	median	17.26	17.26	438.0	114.91	NAVD88	1
293648095394601	-95.663	29.614	-11.76	median	-11.76	-11.76	407.0	76.31	NAVD88	1
293717095380501	-95.638	29.622	-31.41	median	-31.41	-31.41	1565.0	81.05	NAVD88	2
293720095293501	-95.493	29.622	-47.43	median	-52.29	-47.43	1025.0	61.00	NAVD88	9
293720095381101	-95.634	29.622	-32.92	mean	-32.92	-32.37	1025.0	75.02	NAVD88	11
293729095440301	-95.734	29.617	-20.37	mean	-20.37	-20.06	1410.0	80.00	NAVD88	10
293730095443301	-95.743	29.625	-1.39	median	-1.58	-1.39	314.0	83.77	NAVD88	11
293732095300601	-95.502	29.626	-49.27	median	-55.33	-49.27	1200.0	66.00	NAVD88	15
293734095283801	-95.477	29.626	-51.47	median	-66.02	-51.47	1050.0	58.97	NAVD88	18
293734095293701	-95.494	29.626	-49.65	median	-53.75	-49.65	1204.0	62.89	NAVD88	18
293734095303801	-95.511	29.626	-49.72	median	-62.27	-49.72	1040.0	68.65	NAVD88	16
293736095285301	-95.482	29.627	-51.66	median	-55.93	-51.66	1190.0	58.42	NAVD88	19
293736095365501	-95.617	29.629	-68.24	mean	-68.24	-67.34	1665.0	81.80	NAVD88	10
293736095482601	-95.807	29.627	-6.89	median	-6.89	-6.89	588.0	91.00	NAVD88	2
293740095410201	-95.684	29.628	-56.68	mean	-56.68	-55.95	1500.0	81.66	NAVD88	11
293810095370601	-95.619	29.637	-69.69	mean	-69.69	-69.27	1500.0	80.98	NAVD88	11
293812095380901	-95.636	29.637	-31.16	mean	-31.16	-30.59	549.0	82.75	NAVD88	11
293830095373201	-95.626	29.642	-39.55	mean	-39.55	-38.41	1775.0	83.52	NAVD88	11
293833095494501	-95.829	29.642	-3.33	median	-3.33	-3.33	620.0	110.00	NAVD88	2
293848095441601	-95.738	29.647	-18.47	mean	-18.47	-18.23	870.0	86.35	NAVD88	10
293909095012201	-95.023	29.653	-26.66	mean	-26.66	-26.29	578.0	14.58	NAVD88	11
293910095135601	-95.233	29.654	-36.01	mean	-36.01	-35.34	1170.0	30.10	NAVD88	9
293921095441601	-95.738	29.656	-29.17	mean	-29.17	-29.16	1370.0	86.67	NAVD88	11
293932095342201	-95.573	29.659	-43.81	median	-49.55	-43.81	717.0	79.46	NAVD88	20
293933095342101	-95.573	29.659	-74.13	median	-79.14	-74.13	1758.0	77.59	NAVD88	19
293934095342201	-95.573	29.660	-45.78	median	-52.26	-45.78	1030.0	77.39	NAVD88	20
293938095351001	-95.586	29.661	-45.37	median	-49.68	-45.37	1102.0	79.70	NAVD88	13
293941095135001	-95.231	29.662	-37.42	mean	-37.42	-36.87	1212.0	28.34	NAVD88	11
293942095124901	-95.213	29.661	-40.30	mean	-40.30	-38.99	930.0	31.36	NAVD88	11
293942095283101	-95.474	29.662	-50.58	median	-60.94	-50.58	1735.0	58.12	NAVD88	17
293949095024301	-95.046	29.664	-27.90	mean	-27.90	-27.57	585.0	19.54	NAVD88	11
293956095120801	-95.203	29.666	-39.65	mean	-39.65	-39.80	1380.0	30.94	NAVD88	9
293959095380401	-95.635	29.667	-36.18	mean	-36.18	-35.31	902.0	87.30	NAVD88	11
294002095351001	-95.588	29.667	-45.10	median	-50.70	-45.10	1038.0	81.54	NAVD88	17
294004095404901	-95.680	29.668	-62.94	mean	-62.94	-62.40	1470.0	93.65	NAVD88	10
294010095350501	-95.584	29.666	-45.93	median	-52.20	-45.93	1012.0	81.25	NAVD88	19
294020095582001	-95.972	29.672	-15.44	median	-12.65	-15.44	1095.0	111.00	NAVD88	7
294029095354301	-95.596	29.675	-45.21	median	-50.08	-45.21	1195.0	82.68	NAVD88	16
294031095554201	-95.929	29.676	13.33	mean	13.33	13.39	450.0	105.01	NAVD88	12
294044095280502	-95.468	29.679	-50.96	median	-54.05	-50.96	1492.0	51.64	NAVD88	7
294044095301001	-95.503	29.679	-53.59	median	-71.83	-53.59	1770.0	57.15	NAVD88	20
294047095345601	-95.582	29.680	-45.24	median	-49.13	-45.24	960.0	80.24	NAVD88	18
294050095355501	-95.599	29.681	-39.66	mean	-39.66	-40.54	872.0	80.78	NAVD88	12
294106095171201	-95.287	29.685	-43.72	mean	-43.72	-43.11	876.0	33.70	NAVD88	11
294112095462501	-95.774	29.687	-46.50	mean	-46.50	-47.57	1200.0	108.02	NAVD88	11
294113095361701	-95.605	29.687	-75.01	median	-79.81	-75.01	1667.0	80.98	NAVD88	19
294113095361702	-95.605	29.687	-44.45	median	-51.38	-44.45	995.0	80.98	NAVD88	18
294113095482401	-95.807	29.687	1.58	median	2.32	1.58	510.0	121.00	NAVD88	5
294119095335601	-95.564	29.692	-79.62	median	-85.75	-79.62	1475.0	71.16	NAVD88	11
294127095342502	-95.574	29.691	-69.06	mean	-69.06	-70.31	1450.0	71.22	NAVD88	12
294131095360701	-95.602	29.692	-43.24	median	-49.15	-43.24	1650.0	80.50	NAVD88	16
294134095470301	-95.784	29.693	-49.54	mean	-49.54	-49.38	1265.0	113.93	NAVD88	11
294140095425701	-95.716	29.694	-19.71	mean	-19.71	-19.59	727.0	92.44	NAVD88	12
294142095515301	-95.865	29.695	4.77	median	4.37	4.77	494.0	136.65	NAVD88	12
294144095351002	-95.587	29.696	-45.41	median	-54.64	-45.41	1445.0	73.41	NAVD88	20
294144095410001	-95.684	29.696	-27.80	mean	-27.80	-26.25	878.0	92.68	NAVD88	11
294145095371201	-95.620	29.696	-41.68	mean	-41.68	-41.78	1394.0	81.90	NAVD88	5
294147095344303	-95.579	29.696	-46.57	median	-55.24	-46.57	1407.0	71.37	NAVD88	19
294149095363002	-95.608	29.696	-47.77	median	-64.58	-47.77	1550.0	81.62	NAVD88	17
294158095024701	-95.047	29.700	-27.36	mean	-27.36	-27.21	591.0	25.09	NAVD88	11
294201095355601	-95.599	29.701	-44.32	median	-47.11	-44.32	1621.0	78.33	NAVD88	14
294206095162601	-95.274	29.702	-43.51	mean	-43.51	-42.89	995.0	31.09	NAVD88	130
294209095494701	-95.830	29.702	-46.82	median	-49.67	-46.82	1268.0	130.55	NAVD88	12
294211095370901	-95.619	29.703	-37.60	mean	-37.60	-37.81	1320.0	80.92	NAVD88	9
294213095322001	-95.539	29.704	-48.03	median	-49.92	-48.03	1510.0	67.89	NAVD88	9
294215095301502	-95.504	29.704	-67.95	median	-75.36	-67.95	1550.0	64.25	NAVD88	20
294216095301601	-95.505	29.705	-49.39	median	-53.02	-49.39	972.0	63.81	NAVD88	19
294219095470501	-95.787	29.708	-43.83	median	-43.28	-43.83	1090.0	112.17	NAVD88	11
294219095583601	-95.977	29.706	22.30	mean	22.30	22.54	378.0	116.69	NAVD88	12
294237095093202	-95.159	29.711	-29.55	mean	-29.55	-28.91	390.0	27.78	NAVD88	36
294237095093205	-95.159	29.711	-39.82	mean	-39.82	-39.54	1328.0	27.78	NAVD88	34
294237095093206	-95.159	29.711	-39.70	mean	-39.70	-39.71	936.0	27.78	NAVD88	37
294237095093207	-95.159	29.711	-38.75	mean	-38.75	-38.49	1817.0	27.78	NAVD88	36
294237095093208	-95.159	29.711	-39.43	mean	-39.43	-39.08	730.0	27.78	NAVD88	36
294237095342301	-95.573	29.711	-48.97	median	-57.92	-48.97	1080.0	73.40	NAVD88	20
294243095371201	-95.620	29.712	-38.49	mean	-38.49	-38.15	1370.0	80.61	NAVD88	7
294246095454201	-95.762	29.713	-62.28	median	-65.87	-62.28	1240.0	102.83	NAVD88	12
294252095362101	-95.606	29.715	-54.33	median	-60.34	-54.33	1610.0	77.67	NAVD88	20
294301095341801	-95.572	29.717	-75.75	median	-79.82	-75.75	1610.0	75.86	NAVD88	18
294302095411801	-95.688	29.718	-16.14	mean	-16.14	-16.22	640.0	92.43	NAVD88	6
294305095511301	-95.854	29.718	-47.99	median	-50.45	-47.99	1124.0	135.59	NAVD88	12
294306095371801	-95.622	29.719	-73.34	mean	-73.34	-71.52	1305.0	77.20	NAVD88	12
294311095071401	-95.121	29.720	-38.84	median	-38.84	-38.84	855.0	20.70	NAVD88	2
294313095365101	-95.614	29.721	-41.80	median	-45.21	-41.80	1122.0	77.60	NAVD88	15
294317095313001	-95.524	29.722	-57.34	median	-62.24	-57.34	1612.0	68.02	NAVD88	21
294319095305901	-95.517	29.722	-48.20	median	-57.94	-48.20	1469.0	66.58	NAVD88	18
294322095041701	-95.072	29.723	-28.09	mean	-28.09	-27.28	542.0	26.48	NAVD88	10
294322095445001	-95.747	29.723	-64.56	mean	-64.56	-65.42	1345.0	102.00	NAVD88	7
294323095300102	-95.501	29.723	-48.98	median	-48.98	-48.98	1184.0	65.03	NAVD88	2
294325095550801	-95.919	29.724	-43.28	median	-43.28	-43.28	1158.0	149.00	NAVD88	2
294326095293002	-95.492	29.724	-56.32	median	-67.67	-56.32	1397.0	64.21	NAVD88	17
294326095492301	-95.823	29.724	-45.55	median	-49.84	-45.55	1094.0	128.04	NAVD88	12
294326095550701	-95.919	29.724	14.20	median	14.20	14.20	340.0	149.00	NAVD88	2
294327095445201	-95.748	29.724	21.44	mean	21.44	21.55	2000.0	100.00	NAVD88	83
294328095290402	-95.485	29.725	-58.16	median	-63.63	-58.16	1518.0	61.57	NAVD88	21
294329095284602	-95.480	29.725	-59.81	median	-66.09	-59.81	1505.0	59.50	NAVD88	19
294329095284603	-95.480	29.725	-42.56	median	-45.33	-42.56	646.0	59.50	NAVD88	20
294333095275602	-95.466	29.726	-57.03	median	-65.35	-57.03	1510.0	57.62	NAVD88	16
294334095032901	-95.058	29.727	-26.91	mean	-26.91	-26.55	510.0	11.99	NAVD88	9
294334095075001	-95.131	29.726	-29.85	median	-29.85	-29.85	510.0	23.71	NAVD88	1
294336095064301	-95.112	29.727	-57.23	median	-56.71	-57.23	1450.0	20.39	NAVD88	3
294338095270401	-95.451	29.727	-49.41	median	-54.47	-49.41	1051.0	55.93	NAVD88	22
294338095270403	-95.451	29.727	-61.94	mean	-61.94	-61.48	1943.0	55.93	NAVD88	139
294338095270404	-95.451	29.727	-63.32	mean	-63.32	-63.80	1433.0	55.93	NAVD88	36
294338095270405	-95.451	29.727	-31.12	mean	-31.12	-31.23	253.0	55.93	NAVD88	36
294338095270406	-95.451	29.727	-49.79	mean	-49.79	-51.39	627.0	55.93	NAVD88	35
294340095311103	-95.520	29.728	-60.80	median	-71.32	-60.80	1432.0	68.07	NAVD88	18
294342095034601	-95.063	29.729	-28.08	mean	-28.08	-27.22	560.0	21.93	NAVD88	10
294348095270401	-95.451	29.730	-66.91	median	-75.51	-66.91	1965.0	56.16	NAVD88	19
294348095303702	-95.511	29.728	-60.48	median	-65.07	-60.48	1335.0	64.81	NAVD88	16
294349095072901	-95.125	29.731	-28.32	median	-28.32	-28.32	530.0	24.12	NAVD88	2
294352095385501	-95.649	29.731	-52.45	median	-59.22	-52.45	1420.0	89.19	NAVD88	18
294356095391501	-95.654	29.733	-29.15	median	-35.81	-29.15	800.0	91.71	NAVD88	13
294358095063801	-95.111	29.733	-45.05	median	-44.53	-45.05	502.0	19.67	NAVD88	3
294403095141801	-95.239	29.734	-42.22	mean	-42.22	-41.88	1201.0	27.36	NAVD88	11
294403095460101	-95.767	29.734	-61.55	mean	-61.55	-59.78	1268.0	112.41	NAVD88	12
294407095403701	-95.688	29.718	-16.23	median	-16.23	-16.23	471.0	93.37	NAVD88	1
294408095483001	-95.805	29.744	-69.65	mean	-69.65	-73.94	1256.0	117.30	NAVD88	9
294409095105501	-95.182	29.736	-39.50	median	-35.88	-39.50	1967.0	20.57	NAVD88	3
294414095364202	-95.612	29.738	-81.39	median	-86.20	-81.39	1322.0	79.77	NAVD88	21
294415095165301	-95.282	29.738	-41.45	mean	-41.45	-41.24	900.0	15.02	NAVD88	6
294424095100401	-95.168	29.740	-41.14	median	-41.24	-41.14	1740.0	8.29	NAVD88	3
294425095100801	-95.169	29.741	-33.00	median	-33.41	-33.00	477.0	8.55	NAVD88	3
294425095101601	-95.171	29.741	-40.21	median	-40.21	-40.21	1252.0	9.29	NAVD88	3
294433095044701	-95.080	29.743	-23.16	median	-20.87	-23.16	256.0	18.40	NAVD88	8
294442095450801	-95.752	29.745	-62.70	median	-68.24	-62.70	1180.0	110.10	NAVD88	10
294445095141101	-95.237	29.746	-41.47	mean	-41.47	-40.83	1350.0	27.39	NAVD88	11
294452095354501	-95.596	29.748	-77.55	median	-82.57	-77.55	1450.0	78.37	NAVD88	20
294456095341101	-95.570	29.749	-57.92	median	-70.00	-57.92	1345.0	73.49	NAVD88	18
294458095044601	-95.080	29.750	-24.66	mean	-24.66	-25.02	521.0	21.80	NAVD88	9
294500095073401	-95.127	29.751	-40.33	mean	-40.33	-38.85	1230.0	23.38	NAVD88	11
294504094553601	-94.925	29.751	-18.84	mean	-18.84	-19.17	402.0	17.96	NAVD88	8
294511095512901	-95.858	29.753	-56.72	median	-57.11	-56.72	1050.0	143.83	NAVD88	12
294511095513001	-95.858	29.753	2.21	median	2.35	2.21	460.0	143.48	NAVD88	12
294514095521301	-95.870	29.754	-52.84	median	-54.42	-52.84	938.0	145.88	NAVD88	12
294519095383201	-95.634	29.766	-55.16	median	-67.19	-55.16	1316.0	86.08	NAVD88	19
294521094545901	-94.916	29.756	-19.49	mean	-19.49	-19.34	409.0	16.13	NAVD88	9
294523094544401	-94.912	29.756	-19.06	mean	-19.06	-18.98	403.0	17.94	NAVD88	9
294527095014901	-95.031	29.758	-24.88	mean	-24.88	-24.80	512.0	24.12	NAVD88	36
294527095014905	-95.031	29.758	-23.01	mean	-23.01	-22.73	324.0	24.12	NAVD88	38
294527095014910	-95.031	29.758	-24.77	mean	-24.77	-24.48	431.0	23.87	NAVD88	132
294527095014911	-95.031	29.758	-24.60	mean	-24.60	-24.21	1475.0	23.87	NAVD88	133
294527095014912	-95.031	29.758	-33.17	mean	-33.17	-32.59	1365.0	24.12	NAVD88	38
294528095562501	-95.940	29.758	-26.48	median	-23.42	-26.48	918.0	152.00	NAVD88	7
294529095371801	-95.622	29.758	-56.74	mean	-56.74	-57.31	1220.0	85.36	NAVD88	11
294538095344601	-95.579	29.761	-28.83	mean	-28.83	-28.75	467.0	74.39	NAVD88	10
294548095372801	-95.625	29.764	-42.03	median	-54.98	-42.03	1190.0	85.90	NAVD88	18
294548095481401	-95.805	29.762	-39.92	mean	-39.92	-37.86	1022.0	129.05	NAVD88	12
294601095041901	-95.074	29.767	-23.34	mean	-23.34	-23.02	462.0	24.30	NAVD88	11
294602095092403	-95.157	29.767	-25.55	mean	-25.55	-25.42	210.0	24.21	NAVD88	7
294602095092405	-95.157	29.767	-27.01	mean	-27.01	-26.80	310.0	24.21	NAVD88	8
294606095383901	-95.644	29.769	-22.13	mean	-22.13	-22.15	400.0	82.12	NAVD88	6
294607095492201	-95.822	29.769	-31.37	mean	-31.37	-30.06	664.0	131.55	NAVD88	8
294619095142701	-95.242	29.773	-43.71	mean	-43.71	-43.73	1007.0	29.41	NAVD88	11
294627095375801	-95.637	29.754	-74.86	median	-79.80	-74.86	1135.0	88.95	NAVD88	20
294637095022901	-95.042	29.777	-24.66	mean	-24.66	-24.19	500.0	24.07	NAVD88	11
294645095104401	-95.179	29.779	-41.10	mean	-41.10	-39.69	1220.0	26.09	NAVD88	11
294656095382501	-95.641	29.782	-81.01	median	-83.72	-81.01	1170.0	92.67	NAVD88	21
294702095394001	-95.664	29.783	-77.77	median	-81.39	-77.77	1288.0	94.05	NAVD88	20
294712095401301	-95.671	29.787	-73.27	mean	-73.27	-70.30	1394.0	97.78	NAVD88	13
294716095401201	-95.670	29.788	-22.12	median	-32.48	-22.12	533.0	98.00	NAVD88	20
294717095401001	-95.670	29.788	-79.12	median	-86.69	-79.12	1641.0	99.08	NAVD88	20
294720095474301	-95.795	29.789	-67.44	mean	-67.44	-64.82	1170.0	139.00	NAVD88	9
294721095361001	-95.603	29.789	-87.31	median	-69.66	-87.31	1135.0	84.34	NAVD88	19
294722095165901	-95.283	29.790	-42.56	mean	-42.56	-41.85	897.0	37.81	NAVD88	10
294723095370501	-95.618	29.790	-82.67	median	-90.75	-82.67	1712.0	90.60	NAVD88	20
294723095382601	-95.641	29.790	-76.51	median	-80.83	-76.51	1238.0	94.15	NAVD88	18
294724095351401	-95.587	29.790	-58.45	median	-79.98	-58.45	1575.0	90.91	NAVD88	12
294726095351102	-95.586	29.791	-82.49	mean	-82.49	-81.59	1802.0	91.06	NAVD88	139
294726095351104	-95.587	29.791	-19.44	mean	-19.44	-19.50	237.0	90.16	NAVD88	144
294728095200102	-95.334	29.791	-54.84	mean	-54.84	-54.54	1596.0	46.01	NAVD88	37
294728095200103	-95.334	29.791	-39.42	mean	-39.42	-39.19	487.0	46.01	NAVD88	137
294728095200104	-95.334	29.791	-44.19	mean	-44.19	-44.51	1035.0	46.01	NAVD88	37
294728095200105	-95.334	29.791	-27.47	mean	-27.47	-27.43	298.0	46.01	NAVD88	37
294731095414201	-95.694	29.788	-81.93	median	-89.20	-81.93	1336.0	108.90	NAVD88	18
294732095103401	-95.177	29.794	-40.26	mean	-40.26	-39.36	1198.0	29.72	NAVD88	11
294735095344001	-95.578	29.793	-85.59	median	-91.30	-85.59	1374.0	89.97	NAVD88	19
294737095080801	-95.136	29.794	-43.33	median	-43.33	-43.33	1476.0	32.00	NAVD88	2
294747095444701	-95.747	29.797	-74.92	mean	-74.92	-72.01	1210.0	125.97	NAVD88	12
294753095454001	-95.762	29.797	-66.08	mean	-66.08	-64.20	1170.0	133.10	NAVD88	9
294800095344101	-95.578	29.800	-77.59	median	-89.24	-77.59	1165.0	91.40	NAVD88	13
294802095490201	-95.817	29.801	-61.51	mean	-61.51	-58.07	902.0	145.00	NAVD88	8
294803095105701	-95.183	29.801	-40.85	mean	-40.85	-39.85	1160.0	31.65	NAVD88	11
294805095435901	-95.733	29.801	-11.74	mean	-11.74	-11.38	541.0	124.00	NAVD88	6
294807095484901	-95.819	29.803	2.06	mean	2.06	2.05	240.0	146.98	NAVD88	9
294812095013001	-95.025	29.804	-22.32	mean	-22.32	-21.46	498.0	31.35	NAVD88	9
294820095342002	-95.573	29.806	-79.22	mean	-79.22	-78.63	1573.0	94.23	NAVD88	10
294844095342401	-95.574	29.812	-84.06	median	-92.55	-84.06	1556.0	94.47	NAVD88	18
294900095312101	-95.523	29.817	-45.88	median	-54.72	-45.88	1451.0	84.54	NAVD88	14
294901095221001	-95.370	29.817	-40.48	mean	-40.48	-40.50	1152.0	61.62	NAVD88	12
294902095133501	-95.227	29.817	-43.48	mean	-43.48	-43.40	1429.0	32.01	NAVD88	4
294916095314601	-95.530	29.821	-76.77	median	-82.60	-76.77	1454.0	88.44	NAVD88	20
294916095491901	-95.822	29.821	-55.02	median	-60.66	-55.02	1025.0	153.00	NAVD88	8
294921095312907	-95.525	29.823	-36.66	median	-40.80	-36.66	734.0	85.16	NAVD88	18
294924095024301	-95.046	29.824	-20.36	mean	-20.36	-19.83	510.0	39.35	NAVD88	10
294925095341201	-95.570	29.825	-81.38	median	-89.93	-81.38	1528.0	96.44	NAVD88	16
294930095125401	-95.215	29.825	-44.15	mean	-44.15	-44.03	1500.0	34.97	NAVD88	5
294932094551401	-94.921	29.826	-20.21	mean	-20.21	-19.58	375.0	26.28	NAVD88	11
294932095132601	-95.224	29.826	-54.30	median	-54.30	-54.30	1548.0	34.84	NAVD88	2
294950095313701	-95.527	29.831	-47.59	median	-71.34	-47.59	1485.0	89.81	NAVD88	18
294950095313702	-95.527	29.831	-85.94	mean	-85.94	-81.56	1513.0	89.81	NAVD88	14
294952095002501	-95.007	29.831	-22.62	median	-22.62	-22.62	470.0	42.00	NAVD88	2
294952095342601	-95.574	29.831	-73.53	median	-79.56	-73.53	1200.0	98.58	NAVD88	15
294953095065601	-95.116	29.832	-3.18	median	-3.18	-3.18	1575.0	39.25	NAVD88	2
294959095405501	-95.683	29.834	-60.02	mean	-60.02	-58.10	1075.0	115.76	NAVD88	11
295001094544401	-94.912	29.834	-34.23	mean	-34.23	-33.59	922.0	25.25	NAVD88	12
295005095070301	-95.118	29.835	-57.12	median	-67.90	-57.12	1527.0	39.22	NAVD88	4
295005095071301	-95.121	29.835	-52.73	median	-58.30	-52.73	1570.0	39.41	NAVD88	4
295027095312301	-95.523	29.841	-82.23	mean	-82.23	-79.09	1475.0	88.74	NAVD88	11
295040094582101	-94.973	29.845	-22.45	median	-22.45	-22.45	326.0	32.00	NAVD88	2
295044095565201	-95.948	29.846	1.42	median	1.13	1.42	1064.0	180.04	NAVD88	6
295052095005901	-95.016	29.848	-21.72	median	-21.72	-21.72	468.0	44.00	NAVD88	1
295052095010001	-95.017	29.848	-22.11	median	-22.11	-22.11	468.0	43.00	NAVD88	1
295114095490101	-95.817	29.854	-65.92	median	-65.92	-65.92	1014.0	156.00	NAVD88	1
295150095254601	-95.431	29.864	-59.28	mean	-59.28	-60.36	1520.0	84.74	NAVD88	12
295151095462401	-95.773	29.864	-62.56	median	-69.86	-62.56	1280.0	146.00	NAVD88	10
295158095524201	-95.879	29.866	-3.51	median	-4.05	-3.51	390.0	173.00	NAVD88	4
295203095261401	-95.438	29.867	-79.67	median	-91.19	-79.67	1635.0	86.21	NAVD88	18
295204095261301	-95.438	29.867	-64.10	median	-74.74	-64.10	1075.0	84.99	NAVD88	18
295207095024201	-95.045	29.869	-20.85	median	-20.85	-20.85	414.0	48.00	NAVD88	2
295207095024401	-95.046	29.869	-20.95	median	-20.95	-20.95	414.0	47.00	NAVD88	2
295207095262102	-95.436	29.869	-36.72	mean	-36.72	-36.23	565.0	83.92	NAVD88	11
295218095572701	-95.958	29.872	31.08	mean	31.08	31.04	839.0	185.66	NAVD88	9
295226095071801	-95.122	29.874	-35.13	mean	-35.13	-33.76	1625.0	45.27	NAVD88	9
295226095502401	-95.840	29.874	-33.09	median	-33.09	-33.09	790.0	165.00	NAVD88	2
295228095065101	-95.115	29.875	-26.74	mean	-26.74	-26.12	1628.0	47.84	NAVD88	11
295228095262901	-95.442	29.875	-48.86	median	-66.64	-48.86	1668.0	86.67	NAVD88	20
295228095263101	-95.442	29.874	-85.00	median	-95.01	-85.00	1661.0	86.10	NAVD88	20
295229095062701	-95.108	29.875	-34.07	mean	-34.07	-33.11	1568.0	44.82	NAVD88	11
295229095074101	-95.128	29.876	-34.06	mean	-34.06	-34.00	1608.0	46.46	NAVD88	8
295235095414301	-95.692	29.876	-75.38	mean	-75.38	-74.62	967.0	131.44	NAVD88	8
295240095375601	-95.632	29.877	-91.31	median	-98.70	-91.31	1369.0	119.72	NAVD88	18
295243095383101	-95.641	29.879	-79.65	median	-84.28	-79.65	1379.0	123.04	NAVD88	17
295246095351301	-95.587	29.880	-60.47	median	-73.32	-60.47	1509.0	110.82	NAVD88	16
295247095344701	-95.580	29.880	-54.09	median	-70.96	-54.09	1480.0	107.72	NAVD88	19
295249095364701	-95.613	29.880	-95.11	median	-103.50	-95.11	1438.0	119.06	NAVD88	18
295249095370701	-95.618	29.880	-55.91	mean	-55.91	-55.69	1080.0	119.87	NAVD88	11
295251095264502	-95.446	29.881	-61.68	median	-67.38	-61.68	1698.0	86.36	NAVD88	15
295252095300401	-95.501	29.881	-71.18	mean	-71.18	-68.74	952.0	87.02	NAVD88	21
295254095361901	-95.606	29.883	-93.77	median	-101.55	-93.77	1444.0	117.03	NAVD88	16
295258095354201	-95.595	29.883	-57.76	median	-57.76	-57.76	1480.0	114.80	NAVD88	2
295259095065401	-95.115	29.883	-27.20	mean	-27.20	-26.25	1560.0	46.81	NAVD88	10
295301095393901	-95.661	29.884	-48.54	mean	-48.54	-45.37	1145.0	127.94	NAVD88	11
295306095270502	-95.451	29.885	-65.49	median	-72.67	-65.49	1480.0	85.71	NAVD88	18
295311095502101	-95.839	29.887	-24.81	median	-24.81	-24.81	790.0	165.00	NAVD88	2
295316095562801	-95.941	29.888	24.49	mean	24.49	25.36	1002.0	190.89	NAVD88	12
295321094522701	-94.874	29.889	-19.57	median	-19.57	-19.57	560.0	36.00	NAVD88	2
295339095383201	-95.642	29.894	-48.96	mean	-48.96	-46.92	990.0	123.76	NAVD88	11
295339095442101	-95.739	29.894	-98.22	median	-98.22	-98.22	1262.0	145.00	NAVD88	2
295438095482401	-95.807	29.910	-1.02	median	-1.91	-1.02	600.0	161.00	NAVD88	8
295449095084102	-95.145	29.914	-37.60	mean	-37.60	-37.11	1503.0	53.82	NAVD88	36
295449095084103	-95.145	29.914	-31.81	mean	-31.81	-31.19	699.0	53.82	NAVD88	36
295449095084104	-95.145	29.914	-34.37	mean	-34.37	-33.89	1048.0	53.82	NAVD88	37
295449095084105	-95.146	29.913	-35.85	mean	-35.85	-34.99	1940.0	51.98	NAVD88	132
295451095083901	-95.144	29.914	-26.43	median	-33.94	-26.43	540.0	57.11	NAVD88	11
295452095423301	-95.709	29.914	-83.83	mean	-83.83	-84.40	1216.0	143.00	NAVD88	6
295505095462201	-95.773	29.918	13.19	mean	13.19	13.25	565.0	158.90	NAVD88	6
295522095291902	-95.487	29.925	-23.63	median	-23.88	-23.63	456.0	102.69	NAVD88	3
295529095043501	-95.080	29.925	-26.33	mean	-26.33	-25.26	976.0	43.99	NAVD88	11
295529095291601	-95.488	29.925	-58.44	mean	-58.44	-59.24	790.0	103.00	NAVD88	7
295544095462401	-95.774	29.929	15.06	mean	15.06	15.09	968.0	159.85	NAVD88	10
295552095140801	-95.236	29.931	-49.13	median	-49.13	-49.13	1072.0	51.00	NAVD88	2
295553095191201	-95.319	29.932	-58.25	median	-63.53	-58.25	1680.0	71.74	NAVD88	21
295605095184701	-95.314	29.935	-38.25	mean	-38.25	-38.53	1108.0	72.25	NAVD88	12
295610095183701	-95.310	29.936	-27.61	median	-28.64	-27.61	391.0	71.00	NAVD88	3
295626095112101	-95.189	29.941	-33.01	median	-33.01	-33.01	450.0	55.00	NAVD88	2
295633095324401	-95.546	29.943	-58.15	median	-60.47	-58.15	703.0	118.43	NAVD88	4
295644095261001	-95.437	29.946	-72.19	median	-73.69	-72.19	1050.0	94.31	NAVD88	24
295646095324601	-95.546	29.946	-57.95	median	-62.29	-57.95	772.0	119.08	NAVD88	3
295650095322301	-95.540	29.948	-58.42	mean	-58.42	-57.65	673.0	120.04	NAVD88	4
295651095083501	-95.138	29.946	-25.17	median	-26.52	-25.17	512.0	60.06	NAVD88	10
295704095320301	-95.535	29.953	-54.13	median	-59.84	-54.13	795.0	115.88	NAVD88	21
295705095320201	-95.535	29.953	-54.00	median	-59.61	-54.00	784.0	116.28	NAVD88	21
295709096013101	-96.026	29.953	36.39	median	36.39	36.39	1404.0	175.79	NAVD88	2
295711095330201	-95.551	29.953	-51.32	median	-62.49	-51.32	730.0	119.99	NAVD88	19
295722095372001	-95.622	29.957	-39.07	mean	-39.07	-39.03	895.0	134.83	NAVD88	11
295723095340201	-95.557	29.963	-65.81	median	-67.46	-65.81	1020.0	122.32	NAVD88	20
295754095324901	-95.547	29.971	-46.03	median	-53.21	-46.03	824.0	123.83	NAVD88	20
295817095065501	-95.118	29.972	-16.69	mean	-16.69	-15.77	555.0	64.46	NAVD88	7
295820094534501	-94.896	29.972	-14.02	median	-14.02	-14.02	425.0	49.00	NAVD88	2
295826095390401	-95.651	29.974	-20.78	mean	-20.78	-20.95	618.0	142.00	NAVD88	6
295831095530801	-95.886	29.976	32.98	mean	32.98	34.12	1007.0	219.39	NAVD88	11
295836095434201	-95.729	29.977	-10.27	median	-10.27	-10.27	576.0	152.00	NAVD88	2
295840095525901	-95.882	29.979	53.41	median	53.59	53.41	680.0	216.23	NAVD88	3
295841095461301	-95.771	29.978	6.42	median	6.82	6.42	324.0	164.00	NAVD88	6
295849095591501	-95.988	29.980	29.97	median	29.97	29.97	430.0	212.00	NAVD88	2
295850095201301	-95.338	29.980	-58.14	median	-63.36	-58.14	1545.0	89.83	NAVD88	21
295855095204301	-95.346	29.982	-53.08	mean	-53.08	-52.51	1540.0	88.86	NAVD88	11
295946095415601	-95.699	29.996	-77.48	median	-77.48	-77.48	1486.0	157.00	NAVD88	1
295952095430701	-95.719	29.998	-82.64	median	-82.14	-82.64	1145.0	159.00	NAVD88	3
295953095474001	-95.794	29.998	-45.20	median	-49.64	-45.20	1400.0	202.00	NAVD88	10
295955095502601	-95.841	29.999	21.08	mean	21.08	22.45	750.0	207.00	NAVD88	10
300007095354701	-95.596	30.002	-1.38	mean	-1.38	-1.37	305.0	139.30	NAVD88	4
300013094580901	-94.969	30.004	-7.52	mean	-7.52	-7.31	837.0	67.06	NAVD88	9
300018095225701	-95.384	30.008	-50.01	mean	-50.01	-49.75	990.0	94.06	NAVD88	9
300037095084802	-95.147	30.011	-34.67	mean	-34.67	-34.30	1205.0	68.26	NAVD88	11
300050095275301	-95.464	30.014	-50.17	mean	-50.17	-51.28	1165.0	117.69	NAVD88	9
300055095434101	-95.728	30.015	11.19	mean	11.19	11.52	605.0	173.00	NAVD88	6
300056095335601	-95.566	30.016	-32.56	median	-32.56	-32.56	962.0	139.58	NAVD88	2
300101095211301	-95.354	30.017	-8.49	mean	-8.49	-8.51	346.0	83.81	NAVD88	10
300111095132302	-95.222	30.019	-27.83	median	-30.74	-27.83	666.0	55.61	NAVD88	7
300122095063601	-95.110	30.023	-26.31	median	-29.46	-26.31	1080.0	69.08	NAVD88	17
300123095264501	-95.446	30.023	-44.86	mean	-44.86	-45.52	1030.0	111.45	NAVD88	11
300129095373201	-95.626	30.025	-90.95	mean	-90.95	-92.08	1052.0	151.00	NAVD88	4
300133095065101	-95.115	30.027	-25.11	median	-31.24	-25.11	1010.0	68.11	NAVD88	18
300137095465801	-95.783	30.027	-56.01	mean	-56.01	-56.11	1144.0	192.00	NAVD88	7
300146095241801	-95.405	30.030	-43.56	mean	-43.56	-43.47	560.0	87.10	NAVD88	11
300146095510402	-95.851	30.030	32.76	mean	32.76	33.13	332.0	223.97	NAVD88	7
300154095515101	-95.864	30.032	24.28	mean	24.28	25.45	790.0	233.00	NAVD88	10
300211095350102	-95.584	30.037	-23.23	mean	-23.23	-23.10	600.0	150.29	NAVD88	12
300223095143001	-95.240	30.040	-30.16	median	-36.73	-30.16	1012.0	84.72	NAVD88	4
300225095144202	-95.250	30.041	-31.70	median	-34.16	-31.70	965.0	87.49	NAVD88	12
300226095150001	-95.250	30.041	-36.00	median	-40.54	-36.00	980.0	86.00	NAVD88	13
300231095113701	-95.190	30.046	-31.19	median	-33.89	-31.19	918.0	54.45	NAVD88	14
300239095212601	-95.358	30.044	-39.50	mean	-39.50	-40.14	725.0	83.21	NAVD88	9
300239095431101	-95.720	30.044	16.90	median	16.90	16.90	250.0	185.80	NAVD88	1
300242094565701	-94.949	30.045	-2.51	median	-3.45	-2.51	940.0	77.42	NAVD88	8
300248095105301	-95.177	30.050	-29.35	median	-35.77	-29.35	1136.0	53.57	NAVD88	17
300249095355701	-95.599	30.047	-21.73	mean	-21.73	-21.66	550.0	161.38	NAVD88	12
300251095265401	-95.448	30.049	-87.71	mean	-87.71	-83.94	1074.0	103.90	NAVD88	11
300254094531801	-94.888	30.049	-9.68	mean	-9.68	-9.69	1314.0	82.41	NAVD88	6
300258095145301	-95.243	30.066	-28.07	mean	-28.07	-28.21	1046.0	83.89	NAVD88	12
300301095361301	-95.604	30.051	-21.20	median	-21.86	-21.20	530.0	158.42	NAVD88	11
300302095113301	-95.189	30.054	-32.36	median	-36.43	-32.36	1044.0	59.21	NAVD88	17
300318095553401	-95.926	30.055	20.20	median	18.68	20.20	558.0	250.32	NAVD88	10
300321095060201	-95.097	30.057	-20.30	median	-26.80	-20.30	1014.0	70.60	NAVD88	20
300331095092201	-95.156	30.059	-28.24	median	-34.17	-28.24	900.0	66.32	NAVD88	17
300332095054301	-95.096	30.059	-19.27	median	-26.09	-19.27	1032.0	70.92	NAVD88	20
300332095553601	-95.927	30.059	32.72	mean	32.72	32.51	533.0	256.69	NAVD88	5
300334095113401	-95.189	30.063	-34.29	median	-43.94	-34.29	1100.0	72.18	NAVD88	21
300343095090301	-95.153	30.065	-26.38	median	-31.88	-26.38	1130.0	53.76	NAVD88	14
300355095093501	-95.160	30.066	-26.74	median	-32.31	-26.74	1160.0	66.73	NAVD88	17
300359095122902	-95.208	30.067	-30.01	median	-41.95	-30.01	832.0	70.80	NAVD88	14
300403095125402	-95.216	30.082	-29.10	median	-33.97	-29.10	839.0	77.26	NAVD88	19
300408095115201	-95.198	30.069	-32.08	median	-34.22	-32.08	1060.0	74.70	NAVD88	16
300408095485701	-95.816	30.069	50.81	mean	50.81	51.01	1160.0	246.50	NAVD88	7
300413095002201	-95.007	30.071	-2.25	median	-2.53	-2.25	1017.0	84.45	NAVD88	9
300417094404801	-94.680	30.072	10.66	mean	10.66	10.77	1180.0	69.81	NAVD88	10
300419095591101	-95.987	30.072	8.53	median	6.32	8.53	645.0	276.02	NAVD88	9
300421095424401	-95.712	30.073	-55.85	mean	-55.85	-54.36	1160.0	217.00	NAVD88	6
300426095123902	-95.213	30.074	-31.02	median	-35.49	-31.02	827.0	78.03	NAVD88	18
300439095202201	-95.339	30.078	-27.53	mean	-27.53	-26.69	585.0	90.58	NAVD88	12
300440095464101	-95.778	30.078	-38.99	median	-39.55	-38.99	984.0	241.00	NAVD88	6
300446095121901	-95.204	30.081	-31.48	median	-46.73	-31.48	1190.0	74.08	NAVD88	20
300447095444101	-95.745	30.080	31.14	mean	31.14	31.41	302.0	233.83	NAVD88	12
300451095335501	-95.565	30.081	-101.00	median	-101.00	-101.00	984.0	144.00	NAVD88	2
300457095245801	-95.416	30.083	16.49	mean	16.49	16.41	225.0	120.56	NAVD88	5
300507095280201	-95.468	30.086	-54.83	median	-51.45	-54.83	1000.0	136.53	NAVD88	11
300521095365101	-95.614	30.089	15.32	mean	15.32	15.28	412.0	180.75	NAVD88	9
300534095112801	-95.191	30.093	-17.83	mean	-17.83	-17.58	900.0	78.86	NAVD88	11
300534095531001	-95.886	30.093	39.80	median	39.80	39.80	442.0	261.00	NAVD88	2
300542096045401	-96.082	30.095	25.08	mean	25.08	25.21	732.0	236.28	NAVD88	11
300543095592001	-95.989	30.095	11.97	median	11.97	11.97	576.0	284.54	NAVD88	1
300544095231501	-95.388	30.096	-91.42	median	-97.37	-91.42	1182.0	100.87	NAVD88	13
300544095590701	-95.985	30.096	7.50	median	5.14	7.50	587.0	285.26	NAVD88	12
300547095583901	-95.977	30.096	4.64	median	3.98	4.64	600.0	281.38	NAVD88	9
300547095593802	-95.994	30.096	10.13	median	9.10	10.13	572.0	257.39	NAVD88	11
300556095590901	-95.986	30.099	10.21	median	7.61	10.21	585.0	268.73	NAVD88	12
300602095145501	-95.249	30.101	-17.91	median	-16.43	-17.91	770.0	97.75	NAVD88	4
300613094541501	-94.904	30.104	-1.27	median	-1.27	-1.27	470.0	83.00	NAVD88	2
300621095225201	-95.381	30.106	-92.62	median	-99.60	-92.62	1066.0	103.65	NAVD88	14
300637095240801	-95.402	30.112	-16.59	median	-17.30	-16.59	506.0	105.45	NAVD88	11
300640095182001	-95.306	30.111	6.56	median	6.56	6.56	300.0	104.74	NAVD88	2
300641095003101	-95.009	30.112	4.71	median	4.13	4.71	1006.0	81.93	NAVD88	4
300643095214301	-95.363	30.112	-17.90	mean	-17.90	-17.75	492.0	98.08	NAVD88	10
300647095245201	-95.414	30.113	-12.07	median	-12.02	-12.07	300.0	106.64	NAVD88	8
300658095443101	-95.742	30.116	36.03	mean	36.03	36.33	298.0	227.50	NAVD88	11
300709095545301	-95.915	30.119	1.70	median	-0.12	1.70	778.0	292.00	NAVD88	9
300717095463601	-95.777	30.121	45.02	mean	45.02	45.11	204.0	201.61	NAVD88	10
300720095005201	-95.014	30.122	7.52	median	7.63	7.52	580.0	86.15	NAVD88	3
300720095165701	-95.283	30.122	-13.03	mean	-13.03	-12.55	285.0	108.59	NAVD88	10
300720095173201	-95.292	30.122	-12.05	median	-12.65	-12.05	634.0	107.07	NAVD88	10
300726095271801	-95.455	30.124	-23.66	mean	-23.66	-23.50	622.0	114.20	NAVD88	4
300727095044801	-95.080	30.124	8.10	median	8.10	8.10	325.0	88.00	NAVD88	1
300730095465001	-95.781	30.125	45.80	median	45.80	45.80	220.0	203.60	NAVD88	1
300731095270701	-95.452	30.126	-81.87	mean	-81.87	-81.79	910.0	123.17	NAVD88	4
300732095292101	-95.491	30.125	-91.14	mean	-91.14	-87.10	870.0	126.65	NAVD88	15
300740095262701	-95.441	30.128	-84.41	mean	-84.41	-84.56	996.0	116.71	NAVD88	4
300741095262601	-95.441	30.128	-8.89	median	-10.75	-8.89	500.0	121.31	NAVD88	4
300742095244301	-95.412	30.131	-7.47	median	-7.55	-7.47	425.0	111.16	NAVD88	11
300748094554501	-94.931	30.131	3.41	median	2.99	3.41	401.0	96.49	NAVD88	9
300801095393701	-95.661	30.134	-50.47	mean	-50.47	-48.35	642.0	189.23	NAVD88	7
300806095130201	-95.217	30.135	-10.64	median	-15.25	-10.64	660.0	103.84	NAVD88	14
300811095291702	-95.492	30.138	-86.95	mean	-86.95	-82.25	1180.0	138.08	NAVD88	11
300811095324902	-95.547	30.136	16.92	median	16.37	16.92	380.0	177.00	NAVD88	7
300816095274701	-95.463	30.140	-90.86	mean	-90.86	-88.64	944.0	135.58	NAVD88	14
300819095315501	-95.533	30.137	-77.49	mean	-77.49	-75.79	945.0	140.23	NAVD88	10
300824095274701	-95.463	30.140	0.45	median	0.43	0.45	246.0	135.79	NAVD88	54
300826095270801	-95.452	30.141	-7.70	median	-10.60	-7.70	570.0	134.17	NAVD88	16
300831095173401	-95.292	30.142	-5.06	median	-5.06	-5.06	560.0	113.69	NAVD88	4
300838095244701	-95.413	30.144	-5.54	median	-7.84	-5.54	558.0	116.74	NAVD88	16
300844095242101	-95.406	30.146	-1.97	median	-4.08	-1.97	590.0	116.85	NAVD88	14
300849095143301	-95.243	30.147	-9.04	median	-9.30	-9.04	600.0	110.41	NAVD88	69
300907095182301	-95.306	30.152	-3.81	median	-3.81	-3.81	516.0	117.22	NAVD88	2
300920095271402	-95.454	30.156	-89.96	mean	-89.96	-90.05	1025.0	141.71	NAVD88	17
300923095282601	-95.474	30.156	-87.23	mean	-87.23	-82.29	1050.0	143.36	NAVD88	13
300925095132501	-95.224	30.157	-7.71	median	-8.20	-7.71	620.0	98.25	NAVD88	14
300925095264501	-95.446	30.157	-82.69	mean	-82.69	-79.52	1010.0	129.74	NAVD88	9
300929095053301	-95.093	30.158	-6.79	median	-6.79	-6.79	775.0	106.00	NAVD88	1
300931095053401	-95.093	30.159	-6.94	median	-6.94	-6.94	850.0	105.00	NAVD88	1
300954095421101	-95.703	30.165	47.98	mean	47.98	47.94	210.0	246.16	NAVD88	5
300956095263001	-95.442	30.166	-88.29	mean	-88.29	-85.17	1014.0	136.43	NAVD88	14
301002095251401	-95.420	30.168	4.71	median	2.89	4.71	360.0	115.85	NAVD88	12
301007095303001	-95.508	30.169	-83.38	mean	-83.38	-80.18	1052.0	165.85	NAVD88	15
301020095442801	-95.741	30.172	35.68	mean	35.68	36.88	360.0	233.74	NAVD88	12
301021095153501	-95.260	30.172	-50.30	median	-55.45	-50.30	1102.0	108.86	NAVD88	11
301033095300602	-95.502	30.175	-79.16	median	-82.82	-79.16	1030.0	163.83	NAVD88	15
301034095283802	-95.477	30.176	-82.32	mean	-82.32	-81.96	1000.0	134.68	NAVD88	16
301039095092901	-95.158	30.177	-29.23	median	-34.13	-29.23	1315.0	107.38	NAVD88	14
301047095104801	-95.184	30.183	-23.59	median	-25.07	-23.59	701.0	87.48	NAVD88	11
301051095322402	-95.540	30.181	-77.60	median	-81.22	-77.60	961.0	170.95	NAVD88	16
301103095334302	-95.563	30.185	-69.35	median	-74.99	-69.35	906.0	180.68	NAVD88	17
301106095351101	-95.586	30.185	-68.28	mean	-68.28	-67.46	915.0	192.45	NAVD88	16
301108095293201	-95.492	30.185	-73.17	median	-80.52	-73.17	1005.0	156.70	NAVD88	10
301135095290102	-95.477	30.194	-74.62	mean	-74.62	-77.34	1094.0	141.49	NAVD88	15
301136095212101	-95.356	30.193	-10.68	mean	-10.68	-10.95	462.0	143.46	NAVD88	12
301139095393801	-95.661	30.194	44.66	mean	44.66	44.81	220.0	200.33	NAVD88	11
301153095243201	-95.409	30.198	-22.91	median	-22.91	-22.91	809.0	117.54	NAVD88	1
301157095273301	-95.459	30.199	-76.02	median	-78.48	-76.02	958.0	131.57	NAVD88	15
301207095134901	-95.230	30.202	9.03	median	9.70	9.03	344.0	117.00	NAVD88	7
301211095284601	-95.479	30.203	-72.19	mean	-72.19	-72.22	953.0	155.78	NAVD88	15
301215095255401	-95.432	30.204	18.59	mean	18.59	18.33	265.0	122.83	NAVD88	12
301218095445401	-95.749	30.205	-20.25	median	-22.73	-20.25	662.0	272.91	NAVD88	10
301220095305502	-95.515	30.206	-70.81	median	-74.33	-70.81	1064.0	193.55	NAVD88	15
301223095040301	-95.068	30.206	0.15	median	0.15	0.15	705.0	115.00	NAVD88	2
301225095315902	-95.533	30.207	-71.01	median	-74.10	-71.01	1120.0	176.34	NAVD88	16
301228095272501	-95.457	30.208	-69.06	mean	-69.06	-67.59	807.0	129.25	NAVD88	78
301234095255801	-95.433	30.209	-70.88	mean	-70.88	-71.06	820.0	125.76	NAVD88	7
301234095255802	-95.433	30.209	19.80	median	13.83	19.80	256.0	126.11	NAVD88	15
301247095054201	-95.095	30.213	11.53	median	11.53	11.53	359.0	91.00	NAVD88	2
301250095400701	-95.664	30.215	32.69	median	29.22	32.69	454.0	241.88	NAVD88	10
301256095270401	-95.451	30.216	-72.20	median	-74.84	-72.20	1000.0	126.93	NAVD88	12
301258095323502	-95.543	30.216	-67.04	mean	-67.04	-66.19	976.0	193.48	NAVD88	15
301309095313001	-95.525	30.219	-66.70	median	-72.17	-66.70	890.0	172.84	NAVD88	16
301310095190201	-95.317	30.219	18.93	mean	18.93	19.52	320.0	138.39	NAVD88	12
301311095335701	-95.566	30.220	-60.38	mean	-60.38	-58.16	718.0	198.41	NAVD88	9
301318095364501	-95.614	30.221	-55.28	mean	-55.28	-51.90	887.0	218.54	NAVD88	11
301335095385001	-95.647	30.226	-45.16	median	-49.38	-45.16	677.0	216.81	NAVD88	12
301358095343301	-95.576	30.233	37.31	mean	37.31	37.37	270.0	212.84	NAVD88	5
301358095343302	-95.576	30.233	-72.75	median	-74.26	-72.75	1004.0	212.84	NAVD88	8
301408094442201	-94.741	30.237	15.23	mean	15.23	15.38	1150.0	94.93	NAVD88	12
301410095133501	-95.226	30.236	15.10	median	15.10	15.10	390.0	132.00	NAVD88	2
301411094432601	-94.724	30.237	14.83	mean	14.83	15.02	660.0	89.10	NAVD88	12
301412095133502	-95.226	30.237	15.05	median	15.05	15.05	390.0	132.00	NAVD88	2
301412095302101	-95.506	30.237	-57.49	mean	-57.49	-56.40	836.0	174.89	NAVD88	8
301420095093201	-95.159	30.239	12.14	median	9.45	12.14	440.0	126.04	NAVD88	13
301445096020901	-96.036	30.246	35.47	mean	35.47	35.20	293.0	264.78	NAVD88	6
301458095130601	-95.218	30.250	18.47	median	18.47	18.47	352.0	123.00	NAVD88	2
301458095130801	-95.219	30.250	19.75	median	19.75	19.75	352.0	127.00	NAVD88	2
301500095122301	-95.207	30.250	16.24	median	16.24	16.24	353.0	117.00	NAVD88	2
301501095122501	-95.207	30.251	16.47	median	16.47	16.47	353.0	118.00	NAVD88	1
301516095264301	-95.446	30.255	-57.74	mean	-57.74	-56.30	702.0	125.93	NAVD88	14
301518095494001	-95.828	30.255	65.31	mean	65.31	65.78	267.0	304.20	NAVD88	12
301529095042401	-95.074	30.258	12.47	mean	12.47	13.07	460.0	128.00	NAVD88	6
301534095421501	-95.704	30.260	48.28	mean	48.28	48.60	338.0	255.00	NAVD88	6
301614095284201	-95.478	30.271	-45.45	mean	-45.45	-43.15	710.0	135.98	NAVD88	7
301717095432601	-95.724	30.288	-2.44	median	-2.44	-2.44	365.0	222.00	NAVD88	2
301835095202701	-95.341	30.310	-7.38	median	-7.38	-7.38	675.0	185.00	NAVD88	1
301839094575201	-94.965	30.311	19.55	mean	19.55	19.98	347.0	134.96	NAVD88	12
301840094574501	-94.961	30.311	19.14	mean	19.14	19.59	469.0	132.91	NAVD88	12
301853095180701	-95.302	30.315	24.75	mean	24.75	24.07	345.0	186.32	NAVD88	8
301904095414801	-95.697	30.318	24.20	mean	24.20	25.34	389.0	307.56	NAVD88	11
301924094585601	-94.983	30.324	20.17	mean	20.17	20.52	523.0	137.71	NAVD88	12
301931095145301	-95.248	30.325	39.59	mean	39.59	39.74	210.0	182.41	NAVD88	11
301931095355801	-95.599	30.325	19.11	median	17.35	19.11	550.5	250.30	NAVD88	12
301938094585501	-94.982	30.322	21.27	mean	21.27	21.84	530.0	137.26	NAVD88	12
301948095030701	-95.052	30.330	24.22	mean	24.22	24.38	400.0	137.44	NAVD88	12
301948095290002	-95.484	30.330	46.65	mean	46.65	46.78	261.0	238.76	NAVD88	51
302040095050701	-95.086	30.345	20.53	mean	20.53	20.62	845.0	158.04	NAVD88	4
302154094590701	-94.985	30.366	39.84	mean	39.84	39.81	502.0	153.24	NAVD88	10
302156095001501	-95.004	30.366	41.09	mean	41.09	41.12	452.0	151.23	NAVD88	4
302204095002001	-95.006	30.368	28.15	mean	28.15	28.05	480.0	152.00	NAVD88	4
302301095194301	-95.329	30.384	21.81	median	19.78	21.81	570.0	267.83	NAVD88	14
302323095194201	-95.328	30.390	19.55	median	14.68	19.55	600.0	281.87	NAVD88	16
302353094593701	-94.994	30.399	40.16	mean	40.16	40.09	835.0	159.42	NAVD88	10
302422094563403	-94.964	30.408	25.97	mean	25.97	26.14	370.0	160.42	NAVD88	12
302429094575101	-94.964	30.408	26.21	mean	26.21	26.24	287.0	160.42	NAVD88	12
302434094574101	-94.962	30.409	25.89	mean	25.89	26.07	365.0	163.56	NAVD88	12
302436095263501	-95.443	30.410	60.92	mean	60.92	62.07	350.0	295.63	NAVD88	9
302511095300001	-95.505	30.420	43.47	mean	43.47	44.62	336.0	376.32	NAVD88	9
302547095203201	-95.342	30.430	24.39	median	24.39	24.39	388.0	292.00	NAVD88	2
303000095002001	-95.010	30.498	18.88	mean	18.88	18.68	490.0	173.18	NAVD88	6
303031095224401	-95.379	30.509	58.43	median	58.43	58.43	315.0	413.00	NAVD88	2
304207095103001	-95.165	30.693	34.79	median	34.79	34.79	210.0	148.28	NAVD88	1
