Well_ID	Longitude	Latitude	GWLm	method	mean	median	well_constructed_depth	altitude	vertical_datum	Counts
285537095214001	-95.362	28.927	-31.98	median	-29.17	-31.98	224.0	4.85	NAVD88	11
285541095225401	-95.382	28.928	-32.16	mean	-32.16	-32.42	248.0	5.31	NAVD88	31
285607095210701	-95.352	28.936	-29.83	mean	-29.83	-29.54	252.0	4.91	NAVD88	30
285629095192801	-95.325	28.942	-28.81	mean	-28.81	-28.39	254.0	4.91	NAVD88	32
285633095224301	-95.379	28.943	-33.51	mean	-33.51	-33.98	246.0	6.59	NAVD88	31
285648095202101	-95.339	28.947	-23.11	mean	-23.11	-23.14	249.0	5.09	NAVD88	4
285654095215101	-95.364	28.949	-24.32	mean	-24.32	-24.34	249.0	4.91	NAVD88	4
285723095173601	-95.294	28.957	-29.08	median	-29.08	-29.08	230.0	0.20	NAVD88	1
285727095205801	-95.350	28.958	-29.62	mean	-29.62	-29.63	258.0	4.91	NAVD88	32
285807095232801	-95.391	28.969	-15.74	mean	-15.74	-15.89	212.0	6.84	NAVD88	31
285842095203101	-95.342	28.979	-24.42	median	-24.42	-24.42	238.0	5.23	NAVD88	1
285843095202501	-95.341	28.979	-18.91	median	-18.91	-18.91	243.0	5.01	NAVD88	1
285843095220501	-95.368	28.979	-19.87	median	-19.87	-19.87	284.0	4.91	NAVD88	1
285845095205401	-95.349	28.979	-19.15	median	-19.15	-19.15	212.0	6.21	NAVD88	1
285919095344701	-95.581	28.989	-8.42	mean	-8.42	-8.41	506.0	13.66	NAVD88	11
285938095234002	-95.395	28.994	-18.86	mean	-18.86	-19.57	233.0	9.37	NAVD88	30
285944095240801	-95.403	28.996	-18.08	mean	-18.08	-18.71	240.0	6.78	NAVD88	26
285959095192701	-95.324	29.000	-21.71	median	-21.71	-21.71	251.0	4.96	NAVD88	1
290000095192601	-95.324	29.000	-23.29	median	-23.29	-23.29	236.0	4.88	NAVD88	1
290000095192602	-95.325	29.000	-23.26	median	-23.26	-23.26	232.0	4.98	NAVD88	1
290100095253201	-95.426	29.016	-27.36	median	-27.36	-27.36	332.0	9.75	NAVD88	1
290125095243901	-95.411	29.024	-22.03	median	-22.03	-22.03	252.0	14.94	NAVD88	1
290126095244901	-95.414	29.024	-18.40	median	-18.40	-18.40	257.0	14.66	NAVD88	1
290130095243901	-95.411	29.025	-21.72	median	-21.72	-21.72	320.0	14.94	NAVD88	1
290134095231001	-95.386	29.026	-16.70	median	-16.70	-16.70	212.0	10.12	NAVD88	1
290158095233502	-95.393	29.033	-15.77	median	-15.77	-15.77	234.0	12.13	NAVD88	1
290159095262701	-95.441	29.033	-36.57	median	-36.57	-36.57	332.0	13.04	NAVD88	1
290209095265101	-95.448	29.036	-31.28	median	-31.28	-31.28	323.0	12.09	NAVD88	1
290245095261201	-95.437	29.046	-34.79	median	-34.79	-34.79	348.0	17.76	NAVD88	1
290320095253801	-95.427	29.056	-30.36	median	-30.36	-30.36	338.0	17.06	NAVD88	1
290429095072803	-95.125	29.075	-9.31	median	-9.31	-9.31	286.0	4.97	NAVD88	1
290654095321001	-95.536	29.115	1.58	median	1.58	1.58	215.0	25.10	NAVD88	1
290754095033502	-95.060	29.132	0.29	median	0.19	0.29	300.0	5.00	NAVD88	6
290818095025201	-95.048	29.139	-2.65	median	-2.71	-2.65	300.0	4.96	NAVD88	6
290834095384201	-95.645	29.143	-9.60	mean	-9.60	-9.72	659.0	34.28	NAVD88	8
290839095411901	-95.689	29.144	5.15	median	5.15	5.15	650.0	36.60	NAVD88	1
290846095385301	-95.648	29.146	-15.51	median	-15.51	-15.51	630.0	34.97	NAVD88	1
290857095334801	-95.564	29.149	0.72	median	0.72	0.72	411.0	20.32	NAVD88	1
290939095480601	-95.802	29.161	2.70	mean	2.70	2.81	500.0	49.97	NAVD88	5
291014095375001	-95.631	29.171	-14.81	median	-14.81	-14.81	650.0	33.23	NAVD88	1
291030095261001	-95.436	29.175	-26.56	median	-26.56	-26.56	881.0	29.32	NAVD88	1
291055095482501	-95.807	29.182	3.05	median	3.25	3.05	399.0	52.94	NAVD88	11
291114095213001	-95.359	29.188	2.16	median	1.98	2.16	335.0	15.01	NAVD88	10
291138095261501	-95.438	29.194	-27.91	median	-27.91	-27.91	819.0	29.96	NAVD88	1
291157095271901	-95.456	29.199	5.58	median	5.58	5.58	240.0	33.00	NAVD88	1
291201095200701	-95.336	29.201	-17.24	mean	-17.24	-17.05	960.0	14.20	NAVD88	11
291204095264001	-95.445	29.201	-20.01	mean	-20.01	-20.27	807.0	32.90	NAVD88	11
291210095484001	-95.811	29.203	4.33	mean	4.33	4.36	473.0	55.15	NAVD88	10
291228095283001	-95.475	29.208	2.02	median	2.02	2.02	210.0	34.50	NAVD88	1
291545095202401	-95.341	29.263	-5.10	mean	-5.10	-5.23	514.0	26.00	NAVD88	10
291641095151901	-95.256	29.278	-1.67	median	-1.67	-1.67	335.0	14.62	NAVD88	1
291759095391401	-95.654	29.300	-10.47	median	-10.49	-10.47	482.0	55.29	NAVD88	11
291808095261701	-95.438	29.302	-15.17	mean	-15.17	-15.19	1168.0	40.26	NAVD88	9
291859095152601	-95.257	29.317	-14.76	mean	-14.76	-14.59	350.0	24.77	NAVD88	8
291919095485101	-95.814	29.322	-5.35	median	-5.35	-5.35	871.0	74.75	NAVD88	1
291948095135401	-95.232	29.330	-19.06	mean	-19.06	-19.04	400.0	20.41	NAVD88	10
291949095024801	-95.047	29.331	-22.43	mean	-22.43	-22.94	756.0	19.74	NAVD88	15
292000094461601	-94.771	29.334	-14.26	median	-14.26	-14.26	860.0	5.99	NAVD88	1
292007094575401	-94.965	29.336	-27.01	median	-26.18	-27.01	634.0	6.47	NAVD88	3
292037095010501	-95.018	29.344	-24.27	median	-24.27	-24.27	1080.0	14.01	NAVD88	2
292050095010501	-95.018	29.348	-26.23	mean	-26.23	-25.30	790.0	16.04	NAVD88	6
292050095010801	-95.019	29.348	-31.36	mean	-31.36	-31.92	720.0	16.34	NAVD88	13
292054095171901	-95.289	29.349	-12.32	mean	-12.32	-12.14	473.0	29.75	NAVD88	10
292109094562901	-94.942	29.353	-35.99	median	-33.86	-35.99	643.0	10.06	NAVD88	22
292138095435801	-95.733	29.361	-6.51	median	-5.07	-6.51	1195.0	74.80	NAVD88	11
292144095033601	-95.060	29.363	-25.54	mean	-25.54	-26.33	884.0	20.03	NAVD88	7
292151095035901	-95.067	29.364	-25.48	mean	-25.48	-26.20	888.0	20.49	NAVD88	9
292155095041001	-95.070	29.366	-23.92	median	-26.11	-23.92	873.0	20.03	NAVD88	9
292159095042101	-95.073	29.367	-24.51	mean	-24.51	-24.79	866.0	20.03	NAVD88	9
292159095450501	-95.752	29.367	14.82	median	14.82	14.82	556.0	75.16	NAVD88	1
292203095043201	-95.076	29.368	-24.06	mean	-24.06	-23.65	843.0	23.70	NAVD88	9
292204095042901	-95.075	29.368	-25.76	mean	-25.76	-25.86	874.0	19.98	NAVD88	9
292204095043601	-95.077	29.368	-25.04	mean	-25.04	-25.32	836.0	24.67	NAVD88	9
292204095281301	-95.471	29.368	-10.67	mean	-10.67	-10.80	923.0	50.08	NAVD88	9
292205095043701	-95.077	29.368	-24.69	mean	-24.69	-24.41	850.0	24.16	NAVD88	74
292207094544001	-94.911	29.369	-30.20	median	-30.13	-30.20	645.0	6.65	NAVD88	26
292208095042701	-95.074	29.369	-25.40	mean	-25.40	-25.66	775.0	19.53	NAVD88	9
292209094564701	-94.947	29.369	-20.43	mean	-20.43	-20.51	1000.0	14.86	NAVD88	28
292209095042801	-95.075	29.369	-25.69	mean	-25.69	-25.13	855.0	19.10	NAVD88	9
292209095265501	-95.449	29.369	-14.43	median	-14.43	-14.43	565.0	51.46	NAVD88	1
292209095265502	-95.449	29.369	-14.43	median	-14.43	-14.43	565.0	51.46	NAVD88	1
292210095044501	-95.079	29.370	-19.09	median	-19.57	-19.09	840.0	24.62	NAVD88	3
292211094543301	-94.909	29.370	-18.19	mean	-18.19	-18.23	1042.0	7.53	NAVD88	28
292211095044501	-95.079	29.370	-24.86	mean	-24.86	-24.78	817.0	24.08	NAVD88	9
292213094541401	-94.904	29.371	-21.42	median	-21.42	-21.42	1015.0	6.49	NAVD88	1
292222094564801	-94.947	29.373	-20.57	mean	-20.57	-20.84	1025.0	14.84	NAVD88	26
292223094544401	-94.912	29.373	-20.13	mean	-20.13	-20.04	1017.0	8.50	NAVD88	28
292226094562801	-94.941	29.374	-21.38	mean	-21.38	-21.20	1024.0	14.59	NAVD88	28
292229094565301	-94.948	29.375	-38.06	mean	-38.06	-37.93	713.0	15.31	NAVD88	4
292229094565801	-94.950	29.375	-20.33	mean	-20.33	-20.34	1025.0	15.19	NAVD88	29
292232094553401	-94.926	29.376	-21.81	mean	-21.81	-21.38	957.0	12.37	NAVD88	28
292233094541501	-94.904	29.376	-25.52	median	-27.07	-25.52	771.0	10.45	NAVD88	25
292235094562701	-94.941	29.377	-20.91	mean	-20.91	-20.95	1000.0	13.30	NAVD88	28
292239094570301	-94.951	29.378	-20.49	mean	-20.49	-21.07	1005.0	14.67	NAVD88	8
292248094532301	-94.890	29.380	-27.63	median	-28.15	-27.63	625.0	11.16	NAVD88	27
292303094553201	-94.926	29.384	-25.69	median	-30.57	-25.69	728.0	13.44	NAVD88	9
292305094554801	-94.930	29.385	-26.94	median	-32.06	-26.94	715.0	13.48	NAVD88	12
292314094563001	-94.942	29.387	-26.82	median	-30.18	-26.82	702.0	9.99	NAVD88	11
292324094573801	-94.961	29.390	-32.66	median	-36.74	-32.66	737.0	9.76	NAVD88	10
292327094575901	-94.967	29.391	-31.75	median	-38.28	-31.75	644.0	11.13	NAVD88	10
292330094542701	-94.908	29.392	-39.04	median	-34.05	-39.04	764.0	9.67	NAVD88	7
292333094545001	-94.914	29.393	-27.10	median	-33.87	-27.10	763.0	9.84	NAVD88	10
292336094550901	-94.919	29.394	-36.36	median	-37.14	-36.36	768.0	5.28	NAVD88	8
292336095063301	-95.109	29.394	-29.52	mean	-29.52	-29.26	805.0	28.26	NAVD88	9
292337094542801	-94.908	29.394	-27.52	median	-31.74	-27.52	772.0	9.86	NAVD88	10
292338095063601	-95.110	29.394	-30.88	mean	-30.88	-30.78	870.0	27.82	NAVD88	72
292350095002201	-95.006	29.398	-24.25	mean	-24.25	-24.60	874.0	20.00	NAVD88	9
292358095062001	-95.106	29.400	-30.88	mean	-30.88	-30.55	776.0	26.36	NAVD88	8
292359094544601	-94.913	29.400	-39.67	median	-38.67	-39.67	772.0	5.00	NAVD88	8
292359095501601	-95.838	29.400	4.55	median	4.90	4.55	435.0	92.24	NAVD88	8
292403095052601	-95.091	29.401	-30.95	mean	-30.95	-30.49	771.0	25.88	NAVD88	9
292405095052101	-95.089	29.402	-31.81	median	-31.81	-31.81	770.0	25.20	NAVD88	2
292431094555601	-94.933	29.409	-21.18	mean	-21.18	-21.00	894.0	6.76	NAVD88	9
292439094553101	-94.926	29.411	-29.20	mean	-29.20	-29.62	785.0	6.03	NAVD88	8
292440095053801	-95.094	29.411	-31.15	mean	-31.15	-30.86	764.0	23.47	NAVD88	9
292443095045201	-95.081	29.412	-31.12	mean	-31.12	-30.57	781.0	24.94	NAVD88	9
292456095560101	-95.934	29.416	14.28	mean	14.28	14.16	564.0	95.08	NAVD88	10
292458094534201	-94.895	29.416	-9.47	mean	-9.47	-9.56	210.0	5.30	NAVD88	78
292458094534203	-94.895	29.416	-17.09	mean	-17.09	-17.16	400.0	5.30	NAVD88	48
292458094534204	-94.895	29.416	-24.15	median	-25.13	-24.15	535.0	5.30	NAVD88	75
292458094534205	-94.895	29.416	-21.39	mean	-21.39	-20.95	1060.0	5.30	NAVD88	78
292458094534206	-94.895	29.416	-20.87	mean	-20.87	-20.44	800.0	5.87	NAVD88	79
292459095451901	-95.756	29.417	7.53	median	7.12	7.53	636.0	73.58	NAVD88	9
292500095451701	-95.755	29.417	-0.70	median	-0.89	-0.70	660.0	73.55	NAVD88	10
292516094560701	-94.936	29.421	-36.67	median	-36.91	-36.67	656.0	5.00	NAVD88	16
292527095561701	-95.938	29.424	13.85	mean	13.85	13.00	403.0	95.20	NAVD88	11
292530095560701	-95.936	29.425	14.30	mean	14.30	14.14	240.0	94.98	NAVD88	8
292533095052101	-95.089	29.426	-33.88	median	-34.01	-33.88	1212.0	15.30	NAVD88	3
292533095052701	-95.091	29.426	-32.92	mean	-32.92	-32.36	770.0	18.77	NAVD88	9
292534095044501	-95.079	29.426	-32.45	mean	-32.45	-32.46	810.0	21.27	NAVD88	9
292542095082301	-95.140	29.429	-36.34	mean	-36.34	-36.35	677.0	20.55	NAVD88	71
292548094565601	-94.949	29.430	-36.34	median	-38.15	-36.34	692.0	4.98	NAVD88	19
292603095571401	-95.954	29.434	14.24	mean	14.24	13.71	591.0	95.13	NAVD88	11
292605095571301	-95.954	29.435	15.39	mean	15.39	15.19	590.0	94.92	NAVD88	11
292611095012901	-95.025	29.437	-32.30	mean	-32.30	-32.64	700.0	17.85	NAVD88	16
292611095563901	-95.944	29.437	13.20	mean	13.20	13.35	623.0	97.69	NAVD88	10
292617095065501	-95.116	29.438	-36.81	mean	-36.81	-36.33	736.0	18.93	NAVD88	9
292617095561201	-95.937	29.438	14.76	mean	14.76	14.90	376.0	96.52	NAVD88	5
292619095060601	-95.102	29.439	-36.47	mean	-36.47	-35.88	750.0	16.77	NAVD88	9
292647095014901	-95.031	29.447	-34.57	mean	-34.57	-34.52	480.0	16.02	NAVD88	12
292757095150601	-95.252	29.466	-40.81	median	-40.81	-40.81	581.0	38.35	NAVD88	1
292841094584901	-94.984	29.481	-52.33	median	-47.98	-52.33	660.0	10.71	NAVD88	18
292848094590001	-94.981	29.478	-55.36	median	-50.79	-55.36	651.0	10.42	NAVD88	17
292853095381301	-95.637	29.482	-16.26	mean	-16.26	-16.34	803.0	71.30	NAVD88	48
292855095380901	-95.636	29.482	-17.76	median	-17.76	-17.76	859.0	71.72	NAVD88	1
292859095380501	-95.635	29.483	-13.92	mean	-13.92	-13.98	853.0	67.91	NAVD88	49
292900094585501	-94.983	29.483	-53.43	median	-49.02	-53.43	664.0	12.66	NAVD88	21
292900096015901	-96.033	29.484	21.68	median	21.68	21.68	526.0	114.93	NAVD88	1
292903095375501	-95.632	29.484	-16.67	mean	-16.67	-17.10	702.0	72.84	NAVD88	50
292913094584301	-94.979	29.487	-53.17	median	-49.30	-53.17	666.0	11.49	NAVD88	19
292927095195801	-95.333	29.491	-19.47	mean	-19.47	-20.30	480.0	55.98	NAVD88	8
292933094544002	-94.911	29.493	-9.99	mean	-9.99	-10.10	200.0	10.02	NAVD88	9
292935094583301	-94.978	29.492	-50.43	mean	-50.43	-52.55	670.0	11.47	NAVD88	13
292938095595801	-96.000	29.494	21.03	median	21.03	21.03	577.0	107.84	NAVD88	1
293000095171201	-95.256	29.550	-48.45	median	-48.45	-48.45	620.0	44.70	NAVD88	1
293000095171701	-95.288	29.500	-46.03	median	-46.03	-46.03	622.0	41.51	NAVD88	1
293001095274601	-95.463	29.501	-12.02	median	-12.02	-12.02	524.0	63.21	NAVD88	1
293004095054601	-95.096	29.501	-46.75	mean	-46.75	-47.32	760.0	19.81	NAVD88	15
293005095151801	-95.255	29.515	-46.76	mean	-46.76	-47.40	591.0	40.74	NAVD88	9
293008095330601	-95.552	29.503	-7.36	mean	-7.36	-7.36	420.0	56.86	NAVD88	10
293023095273101	-95.459	29.507	-11.29	mean	-11.29	-11.31	459.0	63.84	NAVD88	12
293026095170101	-95.284	29.508	-36.22	median	-36.22	-36.22	585.0	43.16	NAVD88	1
293032095064301	-95.112	29.509	-46.86	mean	-46.86	-47.20	600.0	9.75	NAVD88	8
293039095053201	-95.093	29.511	-48.54	mean	-48.54	-48.58	560.0	15.43	NAVD88	16
293040095481801	-95.805	29.511	-8.71	median	-8.71	-8.71	937.0	91.91	NAVD88	1
293132095283301	-95.476	29.526	-48.52	median	-48.52	-48.52	1320.0	72.49	NAVD88	1
293136095121001	-95.203	29.527	-52.13	median	-52.13	-52.13	560.0	28.89	NAVD88	1
293146095115901	-95.200	29.530	-38.56	median	-38.56	-38.56	545.0	29.73	NAVD88	1
293148095060801	-95.103	29.530	-60.80	mean	-60.80	-60.96	636.0	11.35	NAVD88	4
293156094515501	-94.866	29.532	-31.93	mean	-31.93	-33.97	683.0	0.00	NAVD88	8
293202095070301	-95.118	29.533	-50.07	mean	-50.07	-49.41	645.0	20.65	NAVD88	33
293207095061501	-95.104	29.535	-48.35	mean	-48.35	-49.02	664.0	18.37	NAVD88	6
293214095262501	-95.441	29.538	-14.70	median	-14.70	-14.70	402.0	69.07	NAVD88	1
293222095020301	-95.034	29.540	-68.86	mean	-68.86	-68.24	590.0	6.86	NAVD88	5
293223095010701	-95.019	29.540	-60.82	mean	-60.82	-61.62	563.0	11.71	NAVD88	10
293230095024701	-95.047	29.542	-52.72	mean	-52.72	-53.44	705.0	8.92	NAVD88	11
293237095454001	-95.761	29.544	-4.41	median	-4.41	-4.41	554.0	92.78	NAVD88	1
293243094521101	-94.870	29.546	-29.86	mean	-29.86	-29.37	600.0	0.00	NAVD88	5
293243095165201	-95.281	29.546	-52.48	median	-52.48	-52.48	830.0	47.71	NAVD88	1
293245095414801	-95.697	29.546	-21.34	median	-21.34	-21.34	840.0	81.17	NAVD88	1
293247095054601	-95.096	29.546	-52.33	mean	-52.33	-52.19	680.0	16.22	NAVD88	30
293247095054602	-95.096	29.547	-50.91	mean	-50.91	-50.66	680.0	15.57	NAVD88	39
293304095344901	-95.581	29.551	-30.56	median	-30.56	-30.56	448.0	66.12	NAVD88	1
293306095050801	-95.084	29.552	-54.68	mean	-54.68	-53.90	680.0	12.12	NAVD88	30
293306095054101	-95.096	29.552	-44.20	mean	-44.20	-44.31	770.0	19.65	NAVD88	79
293311095532201	-95.890	29.553	8.77	median	8.77	8.77	390.0	108.29	NAVD88	1
293312095071501	-95.121	29.554	-48.37	mean	-48.37	-48.20	660.0	20.16	NAVD88	25
293312095334601	-95.561	29.553	-51.99	median	-51.99	-51.99	1065.0	70.28	NAVD88	1
293315095063401	-95.110	29.554	-47.97	mean	-47.97	-47.45	657.0	17.79	NAVD88	36
293326095325001	-95.547	29.558	-47.31	median	-47.31	-47.31	1225.0	67.40	NAVD88	1
293328095301401	-95.504	29.558	-52.58	median	-52.58	-52.58	1000.0	73.40	NAVD88	1
293344095082301	-95.140	29.563	-49.10	mean	-49.10	-48.91	635.0	32.37	NAVD88	26
293348095070601	-95.119	29.564	-51.30	mean	-51.30	-51.16	1232.0	18.93	NAVD88	79
293348095070602	-95.119	29.564	-39.52	mean	-39.52	-39.42	392.0	18.93	NAVD88	79
293348095070603	-95.119	29.564	-50.10	mean	-50.10	-50.12	957.0	18.93	NAVD88	79
293349095070901	-95.119	29.564	-55.78	mean	-55.78	-56.01	1740.0	19.68	NAVD88	79
293352095011601	-95.021	29.565	-43.97	mean	-43.97	-43.62	1381.0	8.28	NAVD88	80
293352095011602	-95.021	29.565	-44.63	mean	-44.63	-44.04	1381.0	8.05	NAVD88	79
293352095011603	-95.021	29.565	-43.17	mean	-43.17	-43.38	1308.0	8.05	NAVD88	79
293352095011605	-95.021	29.565	-24.15	mean	-24.15	-24.18	300.0	8.05	NAVD88	79
293352095011606	-95.021	29.565	-47.18	mean	-47.18	-47.76	920.0	8.05	NAVD88	79
293353095011501	-95.021	29.565	-51.61	mean	-51.61	-52.09	543.0	9.03	NAVD88	75
293357095070801	-95.119	29.566	-53.09	mean	-53.09	-53.13	630.0	19.77	NAVD88	21
293400095072601	-95.124	29.567	-53.30	mean	-53.30	-53.81	635.0	23.80	NAVD88	34
293402095054401	-95.096	29.567	-50.05	mean	-50.05	-49.48	600.0	17.87	NAVD88	78
293408095055901	-95.100	29.569	-50.84	mean	-50.84	-50.48	627.0	19.54	NAVD88	74
293416095170701	-95.286	29.572	-45.80	mean	-45.80	-46.96	1300.0	46.07	NAVD88	11
293424095031001	-95.053	29.574	-50.48	mean	-50.48	-50.64	624.0	11.64	NAVD88	4
293424095330702	-95.552	29.573	-50.94	median	-50.94	-50.94	1320.0	67.65	NAVD88	2
293442095515801	-95.866	29.579	12.06	median	12.06	12.06	350.0	108.91	NAVD88	1
293442095515802	-95.866	29.579	12.06	median	12.06	12.06	350.0	108.91	NAVD88	1
293443095014601	-95.030	29.579	-53.19	mean	-53.19	-53.26	665.0	14.87	NAVD88	19
293446095033901	-95.061	29.580	-51.05	mean	-51.05	-50.69	660.0	15.15	NAVD88	37
293448095223201	-95.376	29.580	-54.20	median	-54.20	-54.20	572.0	53.17	NAVD88	1
293448095223202	-95.376	29.580	-35.60	median	-35.60	-35.60	578.0	53.17	NAVD88	1
293455095255603	-95.433	29.582	-29.18	median	-29.18	-29.18	379.0	60.87	NAVD88	1
293455095375701	-95.633	29.582	-23.24	median	-23.24	-23.24	463.0	70.03	NAVD88	1
293508095344101	-95.578	29.586	-51.50	median	-51.50	-51.50	1205.0	66.88	NAVD88	1
293516095021601	-95.038	29.588	-51.24	median	-51.24	-51.24	670.0	9.72	NAVD88	1
293525095364701	-95.613	29.591	-42.80	median	-42.80	-42.80	1105.0	64.93	NAVD88	1
293528095515701	-95.869	29.592	14.96	median	14.96	14.96	422.0	116.27	NAVD88	1
293542095333501	-95.560	29.595	-55.27	median	-55.27	-55.27	1092.0	77.70	NAVD88	1
293543095274901	-95.464	29.596	-70.52	median	-70.52	-70.52	1220.0	63.26	NAVD88	1
293543095380501	-95.635	29.596	-39.43	median	-39.43	-39.43	1070.0	70.81	NAVD88	1
293545095101101	-95.170	29.596	-52.16	mean	-52.16	-50.12	583.0	26.24	NAVD88	19
293545095413301	-95.690	29.596	-29.16	median	-29.16	-29.16	1058.0	74.94	NAVD88	1
293546095101501	-95.171	29.596	-54.96	mean	-54.96	-52.22	558.0	28.39	NAVD88	9
293547095211701	-95.355	29.597	-63.23	median	-63.23	-63.23	1020.0	51.02	NAVD88	1
293553095544801	-95.914	29.598	18.61	mean	18.61	18.37	435.0	112.60	NAVD88	4
293556095305501	-95.516	29.599	-57.99	median	-57.99	-57.99	1155.0	72.93	NAVD88	1
293558095365901	-95.617	29.600	-30.90	median	-30.90	-30.90	501.0	70.33	NAVD88	1
293600095275901	-95.467	29.600	-84.24	median	-84.24	-84.24	910.0	61.25	NAVD88	1
293604095554101	-95.928	29.601	19.83	mean	19.83	19.46	280.0	111.25	NAVD88	10
293606095315401	-95.532	29.602	-60.92	median	-60.76	-60.92	1190.0	77.22	NAVD88	3
293636095133801	-95.228	29.610	-76.20	mean	-76.20	-75.16	1210.0	37.49	NAVD88	9
293636095300401	-95.501	29.610	-54.60	median	-54.60	-54.60	1032.0	66.41	NAVD88	2
293638095164801	-95.280	29.611	-61.89	mean	-61.89	-61.58	1245.0	43.00	NAVD88	9
293638095334801	-95.564	29.611	-63.31	median	-63.31	-63.31	1433.0	77.78	NAVD88	1
293641095545001	-95.914	29.612	19.01	mean	19.01	19.05	438.0	114.91	NAVD88	11
293642095304101	-95.512	29.612	-25.20	median	-25.20	-25.20	509.0	68.71	NAVD88	1
293642095361901	-95.606	29.612	-34.64	median	-34.64	-34.64	550.0	72.25	NAVD88	1
293643095101901	-95.172	29.612	-52.98	mean	-52.98	-52.79	542.0	33.14	NAVD88	17
293644095045501	-95.082	29.613	-50.67	mean	-50.67	-50.56	618.0	13.50	NAVD88	38
293652095293601	-95.494	29.615	-78.97	median	-78.97	-78.97	1190.0	66.26	NAVD88	1
293653095284201	-95.479	29.615	-24.67	median	-24.67	-24.67	311.0	60.42	NAVD88	1
293704095440401	-95.735	29.618	-14.26	median	-14.26	-14.26	530.0	80.00	NAVD88	1
293709095024801	-95.047	29.619	-51.03	mean	-51.03	-51.40	650.0	10.05	NAVD88	37
293709095024802	-95.047	29.619	-54.16	mean	-54.16	-54.50	950.0	10.05	NAVD88	31
293712095114301	-95.196	29.620	-43.30	median	-43.30	-43.30	314.0	40.33	NAVD88	1
293717095240501	-95.402	29.622	-59.50	median	-59.50	-59.50	769.0	50.26	NAVD88	1
293717095380501	-95.638	29.622	-58.40	mean	-58.40	-59.81	1565.0	81.05	NAVD88	13
293717095380801	-95.636	29.622	-35.13	mean	-35.13	-35.05	726.0	78.94	NAVD88	15
293719095381601	-95.637	29.622	-33.41	mean	-33.41	-34.61	876.0	81.35	NAVD88	14
293720095381101	-95.634	29.622	-48.20	median	-48.20	-48.20	1025.0	75.02	NAVD88	2
293724095115901	-95.200	29.624	-63.21	mean	-63.21	-63.34	832.0	40.47	NAVD88	41
293725095282802	-95.475	29.624	-76.91	mean	-76.91	-78.51	1270.0	57.01	NAVD88	6
293729095311601	-95.521	29.625	-69.12	mean	-69.12	-68.60	1200.0	68.71	NAVD88	6
293732095044101	-95.078	29.626	-54.24	mean	-54.24	-54.70	587.0	7.81	NAVD88	24
293732095300601	-95.502	29.626	-71.06	mean	-71.06	-72.94	1200.0	66.00	NAVD88	6
293733095303701	-95.511	29.626	-69.48	mean	-69.48	-71.35	1200.0	68.74	NAVD88	6
293734095293201	-95.493	29.626	-79.70	median	-79.70	-79.70	1190.0	62.91	NAVD88	1
293734095293701	-95.494	29.626	-73.52	mean	-73.52	-75.79	1204.0	62.89	NAVD88	6
293734095464901	-95.781	29.626	6.87	median	6.87	6.87	272.0	87.16	NAVD88	1
293736095285301	-95.482	29.627	-75.42	mean	-75.42	-78.19	1190.0	58.42	NAVD88	5
293738095260501	-95.435	29.628	-71.96	mean	-71.96	-71.77	960.0	53.85	NAVD88	7
293738095260502	-95.435	29.628	-66.81	median	-67.25	-66.81	1375.0	53.85	NAVD88	3
293744095054701	-95.097	29.629	-48.59	median	-48.59	-48.59	430.0	15.27	NAVD88	1
293744095122201	-95.206	29.629	-75.63	mean	-75.63	-75.71	964.0	36.92	NAVD88	5
293744095122202	-95.206	29.629	-46.42	mean	-46.42	-46.45	379.0	36.92	NAVD88	13
293805095343601	-95.577	29.635	0.20	median	0.20	0.20	348.0	80.63	NAVD88	1
293812095380901	-95.636	29.637	-34.80	median	-34.80	-34.80	549.0	82.75	NAVD88	1
293813095395401	-95.665	29.637	-26.53	median	-26.53	-26.53	924.0	82.43	NAVD88	1
293815095344501	-95.579	29.638	-50.20	median	-50.20	-50.20	934.0	80.06	NAVD88	1
293816095305201	-95.515	29.638	-60.41	median	-60.41	-60.41	760.0	65.12	NAVD88	1
293829095443601	-95.744	29.642	-16.32	median	-16.32	-16.32	900.0	85.34	NAVD88	1
293831095270901	-95.453	29.642	-78.16	mean	-78.16	-77.94	1436.0	60.59	NAVD88	55
293840095242301	-95.407	29.645	-42.62	median	-42.62	-42.62	450.0	52.53	NAVD88	1
293847095270401	-95.451	29.647	-88.84	mean	-88.84	-88.68	1966.0	61.95	NAVD88	8
293849095270701	-95.452	29.647	-89.15	mean	-89.15	-89.60	1267.0	61.96	NAVD88	25
293849095270702	-95.452	29.647	-75.52	mean	-75.52	-75.34	1267.0	61.96	NAVD88	26
293853095243001	-95.409	29.648	-65.44	median	-65.44	-65.44	455.0	58.91	NAVD88	1
293854095270701	-95.452	29.649	-93.11	mean	-93.11	-93.12	1972.0	61.61	NAVD88	53
293854095332001	-95.556	29.649	-73.57	median	-73.57	-73.57	1142.0	73.69	NAVD88	1
293855095395501	-95.666	29.649	-62.12	median	-62.12	-62.12	1565.0	80.60	NAVD88	1
293858095270601	-95.452	29.650	-75.95	mean	-75.95	-75.74	1267.0	60.67	NAVD88	19
293903095270601	-95.452	29.651	-74.11	mean	-74.11	-74.40	1017.0	63.01	NAVD88	41
293906095171801	-95.289	29.652	-84.00	median	-89.94	-84.00	1870.0	42.17	NAVD88	4
293909095012201	-95.023	29.653	-50.79	mean	-50.79	-50.57	578.0	14.58	NAVD88	17
293917095191301	-95.321	29.655	-75.13	mean	-75.13	-76.54	890.0	36.12	NAVD88	9
293922095185501	-95.316	29.656	-99.53	mean	-99.53	-103.90	1840.0	33.76	NAVD88	5
293936095253101	-95.426	29.660	-35.87	median	-35.87	-35.87	301.0	54.28	NAVD88	1
293939095190201	-95.317	29.661	-105.42	median	-120.73	-105.42	1810.0	38.94	NAVD88	5
293939095585501	-95.982	29.661	23.87	median	23.87	23.87	307.0	111.00	NAVD88	1
293942095283201	-95.476	29.662	-25.69	mean	-25.69	-24.77	271.0	58.57	NAVD88	4
293946094532701	-94.891	29.663	-12.72	median	-21.37	-12.72	709.0	23.03	NAVD88	10
293946095441701	-95.738	29.663	0.10	median	0.08	0.10	528.0	98.79	NAVD88	10
293948095585501	-95.982	29.664	17.92	median	17.92	17.92	350.0	111.81	NAVD88	1
293949095321201	-95.537	29.664	-76.37	mean	-76.37	-80.79	955.0	67.49	NAVD88	10
293951095142102	-95.239	29.664	-86.42	median	-86.42	-86.42	1290.0	29.23	NAVD88	1
293956095120801	-95.203	29.666	-78.48	mean	-78.48	-79.10	1380.0	30.94	NAVD88	13
293957095294901	-95.497	29.666	-84.21	median	-83.94	-84.21	1780.0	57.91	NAVD88	3
293958095221401	-95.371	29.666	-80.55	mean	-80.55	-81.91	1225.0	45.12	NAVD88	5
294004095275801	-95.466	29.668	-78.75	mean	-78.75	-81.34	1198.0	53.74	NAVD88	5
294008095395401	-95.665	29.669	-8.15	median	-8.15	-8.15	240.0	93.70	NAVD88	1
294018095380801	-95.636	29.672	-53.73	median	-53.73	-53.73	1505.0	86.68	NAVD88	1
294027095265501	-95.449	29.674	-75.43	mean	-75.43	-76.07	810.0	53.62	NAVD88	10
294028095305701	-95.516	29.675	-68.24	mean	-68.24	-69.91	716.0	61.86	NAVD88	10
294031095305701	-95.516	29.676	-85.63	mean	-85.63	-85.84	1335.0	59.83	NAVD88	7
294031095554201	-95.929	29.676	15.50	median	15.50	15.50	450.0	105.01	NAVD88	1
294037095544201	-95.912	29.677	21.62	median	21.62	21.62	280.0	108.73	NAVD88	1
294043095504201	-95.845	29.679	-0.99	median	-0.99	-0.99	550.0	106.82	NAVD88	1
294044095280501	-95.468	29.680	-91.70	mean	-91.70	-92.40	1790.0	47.93	NAVD88	4
294044095301001	-95.503	29.679	-88.59	mean	-88.59	-89.62	1770.0	57.15	NAVD88	5
294045095583701	-95.977	29.679	12.04	mean	12.04	13.06	1100.0	115.29	NAVD88	12
294054095403201	-95.676	29.682	-10.91	median	-10.91	-10.91	391.0	94.80	NAVD88	1
294057095404301	-95.679	29.683	-20.25	median	-20.25	-20.25	293.0	94.69	NAVD88	1
294059095271001	-95.453	29.683	-95.15	mean	-95.15	-95.76	1870.0	47.73	NAVD88	6
294104095295303	-95.498	29.668	-87.20	mean	-87.20	-87.74	1745.0	59.75	NAVD88	6
294105095070001	-95.117	29.685	-82.14	mean	-82.14	-81.74	1130.0	28.71	NAVD88	7
294105095070002	-95.117	29.685	-49.80	mean	-49.80	-48.51	620.0	28.71	NAVD88	7
294106095171201	-95.287	29.685	-82.22	mean	-82.22	-82.38	876.0	33.70	NAVD88	41
294106095370401	-95.618	29.685	-45.52	median	-45.52	-45.52	880.0	85.15	NAVD88	1
294106095455401	-95.765	29.685	1.84	median	1.67	1.84	520.0	103.26	NAVD88	10
294107095262401	-95.440	29.686	-89.11	mean	-89.11	-89.94	1860.0	48.88	NAVD88	6
294107095323801	-95.541	29.686	-63.43	mean	-63.43	-63.27	1055.0	65.89	NAVD88	19
294108095371501	-95.621	29.686	-84.80	median	-84.80	-84.80	1580.0	85.46	NAVD88	1
294110095370901	-95.619	29.686	-80.42	median	-80.42	-80.42	1525.0	85.59	NAVD88	1
294111095395101	-95.664	29.687	-65.49	median	-65.49	-65.49	1400.0	93.75	NAVD88	1
294117095162301	-95.273	29.688	-95.04	mean	-95.04	-94.39	1770.0	20.41	NAVD88	31
294119095335601	-95.564	29.692	-91.09	median	-91.09	-91.09	1475.0	71.16	NAVD88	1
294126095154901	-95.264	29.691	-103.52	mean	-103.52	-104.20	2095.0	-0.41	NAVD88	24
294127095220501	-95.368	29.691	-88.41	median	-88.41	-88.41	1960.0	44.81	NAVD88	2
294131095360701	-95.602	29.692	-65.51	mean	-65.51	-65.26	1650.0	80.50	NAVD88	6
294134095312101	-95.523	29.693	-86.33	median	-86.33	-86.33	1240.0	69.50	NAVD88	1
294139095020601	-95.035	29.694	-49.06	median	-49.06	-49.06	535.0	28.74	NAVD88	1
294144095351002	-95.587	29.696	-68.74	mean	-68.74	-68.44	1445.0	73.41	NAVD88	6
294144095410001	-95.684	29.696	-21.51	median	-21.51	-21.51	878.0	92.68	NAVD88	2
294145095371201	-95.620	29.696	-74.12	median	-74.12	-74.12	1394.0	81.90	NAVD88	1
294146095020501	-95.035	29.696	-52.41	mean	-52.41	-54.45	517.0	24.34	NAVD88	30
294147095344301	-95.579	29.696	-72.10	median	-72.10	-72.10	1644.0	71.37	NAVD88	2
294147095344302	-95.579	29.696	-75.09	mean	-75.09	-75.08	1534.0	71.37	NAVD88	4
294149095363001	-95.609	29.697	-72.96	median	-73.22	-72.96	1593.0	81.05	NAVD88	3
294149095363002	-95.608	29.696	-77.88	median	-77.88	-77.88	1550.0	81.62	NAVD88	2
294155095051401	-95.088	29.699	-51.61	mean	-51.61	-53.28	505.0	32.09	NAVD88	32
294156095020101	-95.034	29.699	-63.92	median	-63.92	-63.92	491.0	23.80	NAVD88	1
294158095024701	-95.047	29.700	-50.87	mean	-50.87	-49.97	591.0	25.09	NAVD88	40
294200095401001	-95.670	29.700	-18.75	median	-18.75	-18.75	815.0	90.50	NAVD88	1
294201095355601	-95.599	29.701	-68.24	mean	-68.24	-67.66	1621.0	78.33	NAVD88	6
294205095042901	-95.075	29.702	-53.60	median	-53.60	-53.60	555.0	28.11	NAVD88	1
294205095042902	-95.075	29.702	-57.63	median	-57.63	-57.63	534.0	28.11	NAVD88	1
294206095162601	-95.274	29.702	-89.70	mean	-89.70	-89.83	995.0	31.09	NAVD88	79
294207095022001	-95.039	29.702	-49.05	mean	-49.05	-46.84	989.0	24.43	NAVD88	29
294208095280501	-95.468	29.703	-106.25	median	-106.25	-106.25	1582.0	54.27	NAVD88	1
294208095280701	-95.469	29.703	-77.36	mean	-77.36	-76.02	712.0	54.85	NAVD88	11
294211095370901	-95.619	29.703	-68.22	median	-68.22	-68.22	1320.0	80.92	NAVD88	1
294212095032001	-95.056	29.704	-57.46	median	-57.46	-57.46	561.0	24.66	NAVD88	1
294213095322001	-95.539	29.704	-86.94	mean	-86.94	-87.31	1510.0	67.89	NAVD88	6
294213095433301	-95.726	29.704	-2.23	median	-2.23	-2.23	247.0	97.80	NAVD88	1
294214095234801	-95.397	29.704	-74.65	median	-74.65	-74.65	702.0	43.20	NAVD88	1
294215095301501	-95.504	29.704	-76.53	median	-76.53	-76.53	1539.0	64.25	NAVD88	2
294215095301502	-95.504	29.704	-105.32	median	-105.32	-105.32	1550.0	64.25	NAVD88	2
294215095413601	-95.694	29.704	-21.02	median	-21.02	-21.02	730.0	94.20	NAVD88	1
294216095301601	-95.505	29.705	-78.99	mean	-78.99	-78.49	972.0	63.81	NAVD88	10
294216095321501	-95.539	29.705	-74.92	mean	-74.92	-75.19	1000.0	70.14	NAVD88	7
294219095470501	-95.787	29.708	-23.82	median	-23.82	-23.82	1090.0	112.17	NAVD88	1
294230095232201	-95.390	29.709	-102.42	mean	-102.42	-103.82	1822.0	39.11	NAVD88	6
294236095140901	-95.236	29.710	-57.30	median	-57.30	-57.30	590.0	25.17	NAVD88	1
294237095093202	-95.159	29.711	-39.25	mean	-39.25	-39.11	390.0	27.78	NAVD88	79
294237095093205	-95.159	29.711	-76.39	mean	-76.39	-76.53	1328.0	27.78	NAVD88	79
294237095093206	-95.159	29.711	-77.76	mean	-77.76	-77.86	936.0	27.78	NAVD88	78
294237095093207	-95.159	29.711	-70.99	mean	-70.99	-71.44	1817.0	27.78	NAVD88	79
294237095093208	-95.159	29.711	-75.38	mean	-75.38	-75.27	730.0	27.78	NAVD88	79
294237095342301	-95.573	29.711	-90.40	median	-90.40	-90.40	1080.0	73.40	NAVD88	1
294243095371201	-95.620	29.712	-88.47	median	-88.47	-88.47	1370.0	80.61	NAVD88	1
294244095452101	-95.756	29.712	-10.32	median	-10.32	-10.32	330.0	101.71	NAVD88	1
294245095233501	-95.393	29.713	-107.41	mean	-107.41	-109.44	1777.0	45.14	NAVD88	6
294251095225701	-95.383	29.714	-99.45	mean	-99.45	-99.46	1670.0	42.16	NAVD88	6
294252095362101	-95.606	29.715	-72.33	median	-72.33	-72.33	1610.0	77.67	NAVD88	1
294253095352701	-95.591	29.715	-87.07	mean	-87.07	-87.39	1188.0	73.76	NAVD88	95
294256095261602	-95.438	29.716	-107.03	median	-107.03	-107.03	1250.0	50.73	NAVD88	1
294258095372501	-95.624	29.716	-31.74	mean	-31.74	-32.66	470.0	78.99	NAVD88	9
294259095275801	-95.466	29.717	-60.65	median	-60.65	-60.65	475.0	54.35	NAVD88	1
294302095234301	-95.396	29.718	-107.19	mean	-107.19	-107.90	1955.0	45.14	NAVD88	5
294302095411801	-95.688	29.718	-6.95	mean	-6.95	-7.00	640.0	92.43	NAVD88	10
294303095152603	-95.257	29.718	-40.21	mean	-40.21	-40.25	294.0	24.17	NAVD88	27
294306095371801	-95.622	29.719	-71.24	median	-71.24	-71.24	1305.0	77.20	NAVD88	1
294313095365101	-95.614	29.721	-59.64	median	-59.64	-59.64	1122.0	77.60	NAVD88	1
294314095262601	-95.441	29.721	-101.44	median	-101.44	-101.44	1360.0	52.79	NAVD88	1
294315095133201	-95.226	29.721	-111.40	mean	-111.40	-117.63	940.0	20.54	NAVD88	7
294315095133202	-95.226	29.721	-41.67	mean	-41.67	-42.72	319.0	20.54	NAVD88	33
294317095313001	-95.524	29.722	-99.81	median	-99.29	-99.81	1612.0	68.02	NAVD88	3
294318095344501	-95.576	29.726	-38.57	mean	-38.57	-39.97	699.0	76.81	NAVD88	11
294319094561701	-94.938	29.722	-42.30	median	-42.30	-42.30	572.0	15.54	NAVD88	1
294319095305901	-95.517	29.722	-87.26	mean	-87.26	-87.11	1469.0	66.58	NAVD88	6
294321094583401	-94.976	29.723	-42.76	mean	-42.76	-41.65	408.0	28.69	NAVD88	26
294321095302201	-95.506	29.723	-98.85	mean	-98.85	-98.61	1462.0	63.06	NAVD88	6
294322095041701	-95.072	29.723	-46.04	median	-51.47	-46.04	542.0	26.48	NAVD88	27
294323095300101	-95.501	29.723	-101.98	median	-101.26	-101.98	1380.0	65.03	NAVD88	3
294326095133901	-95.228	29.724	-103.35	mean	-103.35	-103.30	809.0	13.42	NAVD88	10
294326095293002	-95.492	29.724	-106.78	mean	-106.78	-106.07	1397.0	64.21	NAVD88	6
294326095321001	-95.536	29.724	-96.51	mean	-96.51	-96.06	1535.0	69.14	NAVD88	5
294327095132901	-95.225	29.724	-106.97	mean	-106.97	-105.92	940.0	15.32	NAVD88	5
294328095290401	-95.485	29.725	-99.02	median	-99.02	-99.02	1515.0	61.57	NAVD88	1
294328095290402	-95.485	29.725	-107.08	median	-105.79	-107.08	1518.0	61.57	NAVD88	3
294329095284601	-95.480	29.725	-98.42	median	-98.42	-98.42	1412.0	59.50	NAVD88	1
294329095284602	-95.480	29.725	-100.75	median	-100.75	-100.75	1505.0	59.50	NAVD88	2
294329095284603	-95.480	29.725	-87.88	median	-87.88	-87.88	646.0	59.50	NAVD88	2
294331095282801	-95.475	29.726	-112.92	median	-112.92	-112.92	1508.0	57.48	NAVD88	2
294333095275602	-95.466	29.726	-106.36	mean	-106.36	-107.45	1510.0	57.62	NAVD88	6
294334095032901	-95.058	29.727	-54.37	mean	-54.37	-53.63	510.0	11.99	NAVD88	5
294334095075001	-95.131	29.726	-61.50	median	-61.67	-61.50	510.0	23.71	NAVD88	3
294335095273301	-95.459	29.727	-98.11	median	-98.11	-98.11	2015.0	56.29	NAVD88	1
294335095490401	-95.818	29.727	4.50	mean	4.50	4.44	536.0	127.51	NAVD88	10
294336095064301	-95.112	29.727	-76.44	mean	-76.44	-75.52	1450.0	20.39	NAVD88	16
294338095270401	-95.451	29.727	-80.93	mean	-80.93	-80.22	1051.0	55.93	NAVD88	6
294338095270403	-95.451	29.727	-106.83	mean	-106.83	-106.48	1943.0	55.93	NAVD88	76
294338095270404	-95.451	29.727	-110.78	mean	-110.78	-110.12	1433.0	55.93	NAVD88	73
294338095270405	-95.451	29.727	-39.23	mean	-39.23	-39.38	253.0	55.93	NAVD88	76
294338095270406	-95.451	29.727	-80.72	mean	-80.72	-82.19	627.0	55.93	NAVD88	74
294340095311101	-95.520	29.728	-85.79	mean	-85.79	-84.63	892.0	68.07	NAVD88	12
294340095311103	-95.520	29.728	-103.21	median	-103.21	-103.21	1432.0	68.07	NAVD88	1
294341095063901	-95.111	29.728	-50.71	mean	-50.71	-48.59	501.0	21.25	NAVD88	13
294341095252002	-95.422	29.728	-98.51	median	-98.51	-98.51	1400.0	53.22	NAVD88	1
294342095034601	-95.063	29.729	-50.31	mean	-50.31	-48.38	560.0	21.93	NAVD88	28
294343095210001	-95.350	29.729	-98.09	median	-98.09	-98.09	1725.0	40.52	NAVD88	1
294344095390901	-95.653	29.729	-59.50	median	-59.50	-59.50	1205.0	90.06	NAVD88	1
294348095131801	-95.222	29.730	-88.74	mean	-88.74	-87.19	1410.0	12.75	NAVD88	36
294348095303702	-95.511	29.728	-106.36	mean	-106.36	-106.03	1335.0	64.81	NAVD88	6
294351095130401	-95.218	29.731	-46.29	mean	-46.29	-45.92	802.0	17.39	NAVD88	6
294352095385501	-95.649	29.731	-70.62	median	-70.62	-70.62	1420.0	89.19	NAVD88	1
294355095090501	-95.152	29.732	-51.81	median	-51.81	-51.81	490.0	22.87	NAVD88	1
294356095391501	-95.654	29.733	-25.20	median	-25.20	-25.20	800.0	91.71	NAVD88	1
294358095063801	-95.111	29.733	-55.05	mean	-55.05	-52.18	502.0	19.67	NAVD88	16
294400095505301	-95.848	29.734	13.62	mean	13.62	13.30	628.0	139.41	NAVD88	11
294400095510801	-95.853	29.734	7.94	mean	7.94	8.11	818.0	140.98	NAVD88	10
294402095294702	-95.497	29.734	-103.43	median	-103.43	-103.43	1960.0	64.37	NAVD88	1
294403095141801	-95.239	29.734	-91.44	mean	-91.44	-91.03	1201.0	27.36	NAVD88	6
294407095403701	-95.688	29.718	-9.30	mean	-9.30	-9.38	471.0	93.37	NAVD88	10
294410095322001	-95.539	29.736	-81.32	mean	-81.32	-81.89	908.0	69.37	NAVD88	6
294414095364202	-95.612	29.738	-93.38	median	-93.38	-93.38	1322.0	79.77	NAVD88	1
294415095165301	-95.282	29.738	-80.64	mean	-80.64	-81.62	900.0	15.02	NAVD88	6
294420095373501	-95.627	29.739	-20.97	median	-20.97	-20.97	360.0	82.36	NAVD88	1
294422094575101	-94.964	29.740	-46.50	mean	-46.50	-48.28	467.0	30.81	NAVD88	18
294422095243202	-95.409	29.740	-70.63	median	-70.63	-70.63	660.0	52.16	NAVD88	1
294424095100401	-95.168	29.740	-78.25	mean	-78.25	-78.65	1740.0	8.29	NAVD88	62
294425095100801	-95.169	29.741	-54.68	mean	-54.68	-53.00	477.0	8.55	NAVD88	60
294425095101601	-95.171	29.741	-80.15	mean	-80.15	-80.36	1252.0	9.29	NAVD88	62
294428095384501	-95.646	29.741	-66.11	median	-66.11	-66.11	1314.0	89.73	NAVD88	1
294433095044701	-95.080	29.743	-44.19	mean	-44.19	-41.72	256.0	18.40	NAVD88	78
294433095550801	-95.919	29.743	16.04	mean	16.04	16.01	335.0	158.38	NAVD88	9
294435095300101	-95.501	29.743	-35.96	median	-35.96	-35.96	295.0	63.99	NAVD88	1
294439095334701	-95.563	29.744	-43.43	mean	-43.43	-44.34	465.0	74.69	NAVD88	6
294439095334702	-95.563	29.744	-77.93	mean	-77.93	-78.90	1300.0	74.69	NAVD88	6
294440095341801	-95.572	29.745	-90.23	mean	-90.23	-91.22	1312.0	74.52	NAVD88	6
294445095141101	-95.237	29.746	-88.18	mean	-88.18	-87.92	1350.0	27.39	NAVD88	5
294450095550301	-95.918	29.747	14.30	mean	14.30	14.37	330.0	158.16	NAVD88	10
294451095370301	-95.618	29.748	-73.98	median	-73.98	-73.98	1173.0	83.35	NAVD88	1
294452095354501	-95.596	29.748	-88.98	mean	-88.98	-90.11	1450.0	78.37	NAVD88	9
294458095044601	-95.080	29.750	-51.21	mean	-51.21	-50.65	521.0	21.80	NAVD88	39
294458095095101	-95.164	29.750	-77.43	mean	-77.43	-77.45	675.0	11.67	NAVD88	39
294459094560301	-94.934	29.750	-29.61	mean	-29.61	-28.76	390.0	20.38	NAVD88	26
294459095343801	-95.578	29.750	-92.61	mean	-92.61	-94.71	1356.0	76.53	NAVD88	7
294500095073401	-95.127	29.751	-77.21	mean	-77.21	-77.89	1230.0	23.38	NAVD88	6
294501095343601	-95.577	29.751	-62.01	median	-62.01	-62.01	967.0	76.30	NAVD88	1
294504094553601	-94.925	29.751	-30.85	mean	-30.85	-29.77	402.0	17.96	NAVD88	22
294506095263001	-95.442	29.752	-50.91	median	-50.91	-50.91	321.0	55.76	NAVD88	1
294511095321401	-95.537	29.752	-49.59	mean	-49.59	-49.84	493.0	43.89	NAVD88	5
294514095515501	-95.866	29.754	9.42	mean	9.42	9.46	346.0	146.65	NAVD88	10
294517095084101	-95.145	29.755	-90.29	mean	-90.29	-92.91	1140.0	23.62	NAVD88	6
294518095063501	-95.110	29.755	-47.06	median	-47.06	-47.06	493.0	17.19	NAVD88	1
294518095063502	-95.110	29.755	-62.87	median	-62.87	-62.87	715.0	17.19	NAVD88	1
294518095254801	-95.430	29.755	-87.05	mean	-87.05	-86.46	1227.0	49.81	NAVD88	11
294518095392901	-95.658	29.755	-13.32	mean	-13.32	-13.29	678.0	92.81	NAVD88	7
294518095393401	-95.660	29.755	-11.25	mean	-11.25	-10.82	583.0	92.81	NAVD88	7
294519095383201	-95.634	29.766	-60.12	median	-60.12	-60.12	1316.0	86.08	NAVD88	1
294521094545901	-94.916	29.756	-30.01	mean	-30.01	-29.10	409.0	16.13	NAVD88	21
294523094544401	-94.912	29.756	-28.94	mean	-28.94	-28.54	403.0	17.94	NAVD88	22
294527095014901	-95.031	29.758	-43.27	mean	-43.27	-40.64	512.0	24.12	NAVD88	71
294527095014904	-95.031	29.758	-37.26	mean	-37.26	-35.86	234.0	24.12	NAVD88	78
294527095014905	-95.031	29.758	-39.96	mean	-39.96	-38.03	324.0	24.12	NAVD88	78
294527095014910	-95.031	29.758	-44.51	mean	-44.51	-41.22	431.0	23.87	NAVD88	77
294527095014911	-95.031	29.758	-46.53	mean	-46.53	-45.69	1475.0	23.87	NAVD88	78
294527095014912	-95.031	29.758	-55.49	mean	-55.49	-55.65	1365.0	24.12	NAVD88	72
294536095223201	-95.376	29.760	-67.05	mean	-67.05	-67.28	625.0	42.35	NAVD88	48
294537095225801	-95.383	29.761	-112.93	median	-112.93	-112.93	1980.0	45.02	NAVD88	2
294537095360401	-95.601	29.761	-52.08	mean	-52.08	-52.02	895.0	68.45	NAVD88	8
294537095360402	-95.601	29.761	-82.25	mean	-82.25	-82.33	1225.0	68.45	NAVD88	8
294538095344601	-95.579	29.761	-31.36	mean	-31.36	-30.90	467.0	74.39	NAVD88	11
294541095232901	-95.392	29.762	-114.54	mean	-114.54	-116.19	1644.0	22.12	NAVD88	6
294541095523201	-95.876	29.762	9.02	mean	9.02	8.93	575.0	146.67	NAVD88	5
294542095010501	-95.018	29.762	-52.27	mean	-52.27	-52.55	1727.0	21.01	NAVD88	53
294543095433101	-95.726	29.762	-38.85	median	-38.85	-38.85	1408.0	106.69	NAVD88	1
294545095223801	-95.377	29.763	-106.14	mean	-106.14	-106.92	2020.0	38.90	NAVD88	5
294545095292301	-95.490	29.763	-99.79	mean	-99.79	-98.81	1146.0	59.98	NAVD88	10
294545095292302	-95.490	29.763	-100.14	median	-100.14	-100.14	1195.0	59.98	NAVD88	1
294548095372801	-95.625	29.764	-64.82	median	-64.82	-64.82	1190.0	85.90	NAVD88	1
294548095455101	-95.764	29.764	-4.79	median	-4.82	-4.79	880.0	123.31	NAVD88	34
294548095461901	-95.772	29.764	-1.52	median	-1.75	-1.52	400.0	124.99	NAVD88	10
294548095481401	-95.805	29.762	-15.17	median	-15.17	-15.17	1022.0	129.05	NAVD88	1
294551095221001	-95.370	29.764	-117.53	mean	-117.53	-114.28	2035.0	27.37	NAVD88	4
294551095424901	-95.714	29.764	-53.44	median	-53.44	-53.44	1290.0	104.61	NAVD88	1
294553095091701	-95.155	29.765	-74.43	mean	-74.43	-73.38	812.0	23.56	NAVD88	40
294556095210001	-95.350	29.766	-74.85	median	-74.85	-74.85	520.0	18.56	NAVD88	1
294557095303701	-95.511	29.766	-109.10	median	-109.10	-109.10	1610.0	68.07	NAVD88	1
294558095344301	-95.579	29.766	-38.91	mean	-38.91	-37.98	767.0	66.24	NAVD88	9
294601095041901	-95.074	29.767	-47.36	mean	-47.36	-46.09	462.0	24.30	NAVD88	42
294601095225801	-95.383	29.767	-114.71	mean	-114.71	-116.48	1960.0	44.67	NAVD88	6
294602095092403	-95.157	29.767	-48.89	mean	-48.89	-50.82	210.0	24.21	NAVD88	13
294602095092405	-95.157	29.767	-52.30	mean	-52.30	-52.71	310.0	24.21	NAVD88	41
294604095144801	-95.247	29.768	-88.45	mean	-88.45	-89.00	895.0	31.86	NAVD88	6
294607095492201	-95.822	29.769	-10.68	median	-10.37	-10.68	664.0	131.55	NAVD88	16
294612095065101	-95.114	29.770	-76.05	median	-76.05	-76.05	925.0	22.69	NAVD88	1
294613095172601	-95.291	29.771	-74.57	mean	-74.57	-74.77	676.0	41.72	NAVD88	38
294613095473901	-95.794	29.771	-6.59	median	-6.59	-6.59	643.0	132.75	NAVD88	1
294619095142701	-95.242	29.773	-87.56	mean	-87.56	-87.89	1007.0	29.41	NAVD88	6
294623095351301	-95.587	29.773	-54.05	mean	-54.05	-53.09	895.0	81.42	NAVD88	8
294623095351401	-95.588	29.773	-77.47	median	-74.52	-77.47	1310.0	81.81	NAVD88	3
294635095070101	-95.117	29.777	-35.89	median	-35.89	-35.89	300.0	24.24	NAVD88	1
294636095444001	-95.745	29.777	-38.92	median	-38.92	-38.92	1316.0	121.44	NAVD88	1
294637094592501	-94.990	29.777	-35.15	mean	-35.15	-33.68	515.0	25.39	NAVD88	30
294637095022901	-95.042	29.777	-44.47	mean	-44.47	-42.37	500.0	24.07	NAVD88	25
294637095103401	-95.176	29.777	-84.72	median	-84.72	-84.72	1230.0	27.71	NAVD88	1
294639095411001	-95.686	29.778	-55.34	median	-55.34	-55.34	1390.0	91.50	NAVD88	1
294641095295401	-95.499	29.778	-100.49	median	-100.49	-100.49	1526.0	67.85	NAVD88	1
294642094534601	-94.896	29.779	-25.64	median	-25.64	-25.64	410.0	21.29	NAVD88	1
294642095114901	-95.197	29.779	-81.67	mean	-81.67	-81.33	852.0	23.56	NAVD88	29
294642095371001	-95.620	29.779	-79.97	mean	-79.97	-80.90	1210.0	79.89	NAVD88	9
294645095104401	-95.179	29.779	-80.18	mean	-80.18	-80.39	1220.0	26.09	NAVD88	6
294651095303301	-95.509	29.781	-105.07	mean	-105.07	-104.45	1570.0	68.06	NAVD88	11
294652095581001	-95.970	29.781	10.07	median	10.07	10.07	557.0	161.49	NAVD88	1
294656095382501	-95.641	29.782	-73.47	mean	-73.47	-72.89	1170.0	92.67	NAVD88	24
294658095412301	-95.690	29.783	-4.32	median	-4.32	-4.32	289.0	106.05	NAVD88	1
294700095101401	-95.171	29.784	-80.11	median	-80.11	-80.11	1210.0	28.58	NAVD88	1
294702095364001	-95.611	29.784	-81.13	mean	-81.13	-81.80	1010.0	84.31	NAVD88	7
294702095394001	-95.664	29.783	-58.36	median	-58.36	-58.36	1288.0	94.05	NAVD88	1
294704095462001	-95.772	29.785	1.48	median	2.14	1.48	808.0	133.88	NAVD88	9
294707095372201	-95.624	29.786	-75.84	mean	-75.84	-76.50	1670.0	60.64	NAVD88	6
294708095300801	-95.502	29.786	-44.85	median	-44.85	-44.85	430.0	67.31	NAVD88	1
294708095363201	-95.609	29.786	-86.96	mean	-86.96	-86.34	1140.0	82.93	NAVD88	6
294709095062504	-95.107	29.786	-76.55	median	-76.55	-76.55	1265.0	26.06	NAVD88	1
294712095401301	-95.671	29.787	-58.58	median	-58.58	-58.58	1394.0	97.78	NAVD88	1
294714094382001	-94.639	29.788	-4.18	mean	-4.18	-4.15	350.0	20.00	NAVD88	7
294717095401001	-95.670	29.788	-57.80	mean	-57.80	-57.03	1641.0	99.08	NAVD88	30
294720095365301	-95.615	29.790	-77.44	mean	-77.44	-78.92	1682.0	91.34	NAVD88	4
294720095431501	-95.721	29.789	-45.29	median	-45.29	-45.29	1230.0	117.91	NAVD88	1
294721095283201	-95.476	29.789	-99.97	mean	-99.97	-100.94	1665.0	65.78	NAVD88	6
294721095361001	-95.603	29.789	-77.38	mean	-77.38	-79.34	1135.0	84.34	NAVD88	6
294722095165901	-95.283	29.790	-82.06	mean	-82.06	-82.72	897.0	37.81	NAVD88	6
294723095370501	-95.618	29.790	-80.03	median	-80.03	-80.03	1712.0	90.60	NAVD88	2
294724095351401	-95.587	29.790	-90.48	mean	-90.48	-90.25	1575.0	90.91	NAVD88	7
294724095444801	-95.747	29.790	-40.79	median	-40.79	-40.79	1199.0	126.42	NAVD88	1
294726095052402	-95.090	29.791	-39.74	median	-39.74	-39.74	461.0	28.82	NAVD88	1
294726095350702	-95.586	29.791	-26.39	mean	-26.39	-26.28	360.0	89.50	NAVD88	20
294726095351102	-95.586	29.791	-81.92	mean	-81.92	-82.00	1802.0	91.06	NAVD88	78
294726095351104	-95.587	29.791	-18.50	mean	-18.50	-18.64	237.0	90.16	NAVD88	79
294728095200101	-95.334	29.791	-69.12	median	-68.99	-69.12	1291.0	46.01	NAVD88	3
294728095200102	-95.334	29.791	-105.70	mean	-105.70	-106.97	1596.0	46.01	NAVD88	78
294728095200103	-95.334	29.791	-68.20	mean	-68.20	-68.10	487.0	46.01	NAVD88	78
294728095200104	-95.334	29.791	-87.25	mean	-87.25	-87.06	1035.0	46.01	NAVD88	77
294728095200105	-95.334	29.791	-36.82	mean	-36.82	-36.86	298.0	46.01	NAVD88	77
294732095023501	-95.043	29.793	-45.21	mean	-45.21	-47.91	468.0	30.46	NAVD88	23
294732095103401	-95.177	29.794	-80.89	mean	-80.89	-79.62	1198.0	29.72	NAVD88	24
294735095023401	-95.043	29.793	-44.08	mean	-44.08	-46.95	464.0	34.24	NAVD88	26
294742095160101	-95.267	29.795	-78.78	mean	-78.78	-79.47	934.0	34.59	NAVD88	50
294745095331101	-95.553	29.796	-49.27	mean	-49.27	-49.20	643.0	90.29	NAVD88	10
294745095432601	-95.724	29.796	-28.48	median	-28.48	-28.48	775.0	122.13	NAVD88	1
294747095444701	-95.747	29.797	-34.16	mean	-34.16	-34.41	1210.0	125.97	NAVD88	5
294752095242102	-95.406	29.798	-94.72	median	-94.72	-94.72	1465.0	62.45	NAVD88	2
294753095090701	-95.152	29.798	-77.14	median	-77.14	-77.14	1420.0	31.15	NAVD88	1
294753095454001	-95.762	29.797	-34.81	mean	-34.81	-34.26	1170.0	133.10	NAVD88	21
294753095454002	-95.761	29.798	-11.33	median	-11.33	-11.33	615.0	134.44	NAVD88	1
294755095470501	-95.785	29.799	-19.25	median	-18.91	-19.25	1210.0	136.70	NAVD88	10
294758095312801	-95.525	29.800	-45.27	median	-45.27	-45.27	592.0	83.97	NAVD88	1
294800095344101	-95.578	29.800	-100.80	mean	-100.80	-98.46	1165.0	91.40	NAVD88	5
294801095502101	-95.839	29.801	-19.82	median	-19.82	-19.82	546.0	147.06	NAVD88	1
294803095105701	-95.183	29.801	-79.75	mean	-79.75	-80.09	1160.0	31.65	NAVD88	14
294804095435702	-95.733	29.801	-31.97	median	-31.97	-31.97	1258.0	124.87	NAVD88	1
294808095485401	-95.820	29.802	-8.32	median	-10.59	-8.32	710.0	146.00	NAVD88	36
294811095095201	-95.165	29.803	-74.64	median	-74.64	-74.64	1558.0	32.23	NAVD88	1
294811095241901	-95.406	29.803	-89.07	mean	-89.07	-89.70	1039.0	62.63	NAVD88	6
294812095013001	-95.025	29.804	-39.56	mean	-39.56	-37.69	498.0	31.35	NAVD88	10
294812095241601	-95.405	29.804	-111.64	median	-111.64	-111.64	1730.0	60.88	NAVD88	1
294815095201701	-95.338	29.805	-110.27	mean	-110.27	-111.30	2080.0	44.96	NAVD88	6
294816095242501	-95.407	29.805	-102.12	mean	-102.12	-104.56	1890.0	61.73	NAVD88	4
294818095110601	-95.185	29.805	-81.42	median	-81.42	-81.42	1160.0	32.34	NAVD88	1
294820095342002	-95.573	29.806	-100.83	mean	-100.83	-100.91	1573.0	94.23	NAVD88	5
294825095015601	-95.032	29.807	-42.89	median	-42.89	-42.89	489.0	32.84	NAVD88	1
294832095420901	-95.703	29.809	-42.99	median	-42.99	-42.99	645.0	114.32	NAVD88	1
294836095241901	-95.406	29.810	-100.53	median	-100.53	-100.53	1232.0	63.75	NAVD88	1
294836095241902	-95.406	29.810	-97.74	mean	-97.74	-100.68	1455.0	63.75	NAVD88	4
294844095200901	-95.336	29.812	-92.77	median	-92.77	-92.77	1980.0	47.42	NAVD88	1
294848095433701	-95.727	29.814	-38.78	median	-38.78	-38.78	1210.0	124.90	NAVD88	1
294849095022801	-95.041	29.814	-39.88	mean	-39.88	-39.55	480.0	35.12	NAVD88	17
294849095034701	-95.063	29.814	-42.83	mean	-42.83	-42.61	482.0	33.13	NAVD88	7
294852095342202	-95.573	29.815	-99.43	mean	-99.43	-100.73	1545.0	94.89	NAVD88	4
294853095033301	-95.059	29.815	-39.14	mean	-39.14	-37.91	476.0	32.74	NAVD88	32
294855095542001	-95.906	29.816	15.36	mean	15.36	15.48	653.0	164.89	NAVD88	8
294855095553701	-95.927	29.816	16.72	median	16.66	16.72	842.0	167.31	NAVD88	3
294856095012101	-95.023	29.816	-36.03	median	-36.03	-36.03	444.0	30.76	NAVD88	1
294856095481201	-95.804	29.816	4.01	median	4.01	4.01	350.0	145.93	NAVD88	1
294858095365301	-95.615	29.816	-3.36	median	-2.97	-3.36	410.0	92.36	NAVD88	11
294900095312101	-95.523	29.817	-98.20	mean	-98.20	-98.52	1451.0	84.54	NAVD88	6
294901095221001	-95.370	29.817	-79.12	mean	-79.12	-79.19	1152.0	61.62	NAVD88	74
294902095133501	-95.227	29.817	-75.40	mean	-75.40	-75.11	1429.0	32.01	NAVD88	14
294902095433601	-95.724	29.792	-7.20	median	-7.20	-7.20	340.0	122.77	NAVD88	1
294909095200301	-95.334	29.819	-108.79	mean	-108.79	-109.95	1839.0	51.32	NAVD88	6
294913095241801	-95.405	29.821	-103.79	mean	-103.79	-101.62	1730.0	68.20	NAVD88	5
294913095305801	-95.516	29.821	-100.42	mean	-100.42	-101.45	1720.0	83.25	NAVD88	4
294914095382301	-95.640	29.821	-20.27	median	-20.27	-20.27	379.0	99.61	NAVD88	1
294914095532101	-95.889	29.821	6.21	median	6.00	6.21	1074.0	166.10	NAVD88	8
294918095013001	-95.025	29.822	-31.46	median	-31.46	-31.46	415.0	31.51	NAVD88	1
294919095422801	-95.708	29.822	-48.25	median	-48.25	-48.25	922.0	126.34	NAVD88	1
294920095314601	-95.530	29.823	-97.62	mean	-97.62	-99.19	1450.0	87.22	NAVD88	4
294921095312901	-95.525	29.823	-102.14	mean	-102.14	-103.80	1455.0	85.16	NAVD88	6
294921095492201	-95.823	29.823	8.98	mean	8.98	9.29	529.0	155.14	NAVD88	4
294924095024301	-95.046	29.824	-35.96	mean	-35.96	-35.25	510.0	39.35	NAVD88	10
294925095341201	-95.570	29.825	-99.56	mean	-99.56	-102.17	1528.0	96.44	NAVD88	6
294926094595501	-94.999	29.824	-30.37	mean	-30.37	-30.23	420.0	39.01	NAVD88	42
294930095125401	-95.215	29.825	-74.64	mean	-74.64	-74.63	1500.0	34.97	NAVD88	24
294931095240801	-95.403	29.826	-91.50	mean	-91.50	-89.64	1880.0	68.85	NAVD88	4
294932094551401	-94.921	29.826	-27.79	mean	-27.79	-27.86	375.0	26.28	NAVD88	6
294932095132601	-95.224	29.826	-78.44	mean	-78.44	-78.52	1548.0	34.84	NAVD88	24
294932095132602	-95.224	29.826	-76.93	median	-76.93	-76.93	1550.0	34.84	NAVD88	1
294932095200601	-95.335	29.826	-105.72	mean	-105.72	-106.12	1901.0	62.67	NAVD88	7
294932095293501	-95.493	29.826	-53.09	mean	-53.09	-53.05	862.0	76.14	NAVD88	52
294933095361201	-95.604	29.826	-19.55	mean	-19.55	-19.49	958.0	98.28	NAVD88	10
294948095441001	-95.736	29.830	1.06	median	1.11	1.06	359.0	136.55	NAVD88	10
294949095404801	-95.680	29.831	-50.44	median	-50.44	-50.44	530.0	112.30	NAVD88	1
294950095313701	-95.527	29.831	-95.51	mean	-95.51	-95.24	1485.0	89.81	NAVD88	5
294952095342601	-95.574	29.831	-91.79	mean	-91.79	-95.24	1200.0	98.58	NAVD88	6
294953095065601	-95.116	29.832	-65.60	mean	-65.60	-64.71	1575.0	39.25	NAVD88	8
294958095124301	-95.212	29.833	-67.02	median	-67.02	-67.02	595.0	36.82	NAVD88	1
294958095200301	-95.334	29.833	-99.34	mean	-99.34	-100.58	1970.0	63.07	NAVD88	4
294959095405501	-95.683	29.834	-48.82	mean	-48.82	-49.30	1075.0	115.76	NAVD88	24
295001094544401	-94.912	29.834	-26.14	mean	-26.14	-25.36	922.0	25.25	NAVD88	6
295001095240302	-95.401	29.834	-89.05	median	-89.05	-89.05	1290.0	66.75	NAVD88	1
295005095070301	-95.118	29.835	-17.29	median	-36.76	-17.29	1527.0	39.22	NAVD88	5
295005095071301	-95.121	29.835	-78.30	median	-78.61	-78.30	1570.0	39.41	NAVD88	3
295018094235801	-94.400	29.839	-9.79	mean	-9.79	-10.00	240.0	29.73	NAVD88	6
295018095171101	-95.287	29.839	-69.12	mean	-69.12	-69.22	807.0	46.35	NAVD88	6
295019095240801	-95.403	29.839	-109.47	mean	-109.47	-108.92	1770.0	65.64	NAVD88	5
295027095472101	-95.789	29.841	-21.95	median	-21.95	-21.95	1054.0	147.18	NAVD88	1
295030095103901	-95.178	29.842	-27.53	median	-27.53	-27.53	397.0	41.19	NAVD88	1
295034095533501	-95.893	29.843	16.93	mean	16.93	17.50	450.0	171.48	NAVD88	9
295038095112001	-95.189	29.844	-57.88	median	-57.88	-57.88	595.0	38.29	NAVD88	1
295038095423201	-95.709	29.844	-35.76	median	-35.76	-35.76	705.0	128.63	NAVD88	1
295040095413701	-95.694	29.845	-45.98	median	-45.98	-45.98	1040.0	123.68	NAVD88	1
295042095472301	-95.790	29.845	-2.54	median	-6.20	-2.54	1027.0	147.67	NAVD88	32
295044095565201	-95.948	29.846	16.41	median	12.97	16.41	1064.0	180.04	NAVD88	33
295048095240801	-95.403	29.847	-107.89	mean	-107.89	-108.25	1820.0	68.80	NAVD88	6
295050095200101	-95.334	29.848	-82.11	mean	-82.11	-82.58	1846.0	78.13	NAVD88	6
295050095432901	-95.725	29.848	-37.34	median	-37.34	-37.34	958.0	134.56	NAVD88	1
295105095394001	-95.661	29.852	-77.23	median	-77.23	-77.23	1220.0	120.87	NAVD88	1
295106095402501	-95.674	29.852	-45.16	median	-45.16	-45.16	1286.0	124.31	NAVD88	1
295109095120701	-95.202	29.853	-64.57	median	-64.57	-64.57	1010.0	41.70	NAVD88	1
295109095240801	-95.403	29.853	-100.94	mean	-100.94	-101.66	1830.0	73.13	NAVD88	4
295110095482301	-95.807	29.853	4.66	median	4.07	4.66	710.0	154.24	NAVD88	10
295110095502301	-95.840	29.853	26.04	median	26.04	26.04	807.0	164.01	NAVD88	1
295112095454701	-95.763	29.854	-17.33	median	-17.33	-17.33	440.0	144.09	NAVD88	1
295116095200401	-95.335	29.855	-93.06	mean	-93.06	-93.67	1986.0	57.31	NAVD88	6
295124095412201	-95.690	29.857	-40.64	median	-40.64	-40.64	1305.0	128.89	NAVD88	1
295130095241201	-95.404	29.859	-108.51	mean	-108.51	-110.68	1675.0	76.98	NAVD88	5
295135095453801	-95.761	29.860	3.26	median	3.26	3.26	357.0	145.53	NAVD88	1
295138095364301	-95.612	29.861	-49.08	median	-49.08	-49.08	1146.0	112.68	NAVD88	1
295146095405401	-95.682	29.863	-35.94	median	-35.94	-35.94	705.0	128.08	NAVD88	1
295150095254601	-95.431	29.864	-109.06	mean	-109.06	-111.72	1520.0	84.74	NAVD88	6
295150095352101	-95.589	29.864	-3.05	median	-3.31	-3.05	278.0	112.08	NAVD88	10
295156094542001	-94.906	29.866	-21.38	mean	-21.38	-20.95	531.0	43.38	NAVD88	9
295156095434801	-95.730	29.866	18.31	median	18.31	18.31	883.0	139.05	NAVD88	1
295159094541601	-94.905	29.867	-20.85	mean	-20.85	-20.82	530.0	43.98	NAVD88	9
295201095173201	-95.293	29.867	-65.99	mean	-65.99	-66.49	870.0	57.39	NAVD88	11
295202095261401	-95.438	29.867	-98.13	mean	-98.13	-97.25	1576.0	86.57	NAVD88	6
295205095080001	-95.134	29.868	-48.61	median	-48.61	-48.61	532.0	43.19	NAVD88	1
295207095262101	-95.439	29.869	-60.51	median	-60.51	-60.51	620.0	84.81	NAVD88	1
295212095054401	-95.096	29.870	-63.45	mean	-63.45	-63.91	1712.0	23.83	NAVD88	19
295213095532101	-95.889	29.871	21.42	mean	21.42	21.41	767.0	177.15	NAVD88	6
295216095034001	-95.061	29.871	-28.13	mean	-28.13	-28.38	272.0	44.25	NAVD88	23
295216095404601	-95.680	29.871	-33.11	median	-33.11	-33.11	710.0	119.20	NAVD88	1
295216095434001	-95.730	29.872	-30.20	median	-29.86	-30.20	870.0	139.85	NAVD88	11
295218095060501	-95.102	29.872	-62.39	mean	-62.39	-61.84	1593.0	42.50	NAVD88	44
295218095083701	-95.144	29.872	-63.79	median	-63.79	-63.79	635.0	44.24	NAVD88	1
295218095572701	-95.958	29.872	20.73	mean	20.73	20.18	839.0	185.66	NAVD88	8
295225095452401	-95.757	29.874	8.48	median	8.30	8.48	685.0	146.36	NAVD88	32
295226095071801	-95.122	29.874	-61.54	mean	-61.54	-61.77	1625.0	45.27	NAVD88	34
295227095200501	-95.335	29.874	-58.62	median	-58.62	-58.62	575.0	59.04	NAVD88	2
295228095065101	-95.115	29.875	-61.87	mean	-61.87	-62.36	1628.0	47.84	NAVD88	40
295228095262901	-95.442	29.875	-100.23	median	-99.50	-100.23	1668.0	86.67	NAVD88	5
295229095062701	-95.108	29.875	-62.06	mean	-62.06	-61.44	1568.0	44.82	NAVD88	44
295229095074101	-95.128	29.876	-62.84	mean	-62.84	-63.10	1608.0	46.46	NAVD88	43
295231095190301	-95.318	29.876	-56.07	median	-56.07	-56.07	414.0	59.14	NAVD88	1
295234095202001	-95.339	29.876	-62.31	median	-62.31	-62.31	563.0	59.00	NAVD88	1
295235095340001	-95.567	29.877	-65.15	median	-65.15	-65.15	1030.0	105.83	NAVD88	1
295235095380601	-95.635	29.877	-53.12	median	-53.12	-53.12	622.0	121.63	NAVD88	1
295235095414301	-95.692	29.876	-24.61	median	-27.78	-24.61	967.0	131.44	NAVD88	11
295237095033901	-95.061	29.877	-42.92	median	-42.92	-42.92	646.0	43.55	NAVD88	1
295240095244501	-95.413	29.878	-48.61	median	-48.61	-48.61	410.0	83.19	NAVD88	1
295241095075201	-95.131	29.878	-49.47	median	-49.47	-49.47	708.0	47.43	NAVD88	1
295243095380701	-95.636	29.879	-9.56	median	-9.56	-9.56	550.0	124.15	NAVD88	1
295246095344301	-95.579	29.880	-14.73	median	-14.73	-14.73	429.0	109.47	NAVD88	1
295246095351301	-95.587	29.880	-79.48	median	-77.99	-79.48	1509.0	110.82	NAVD88	3
295247095344701	-95.580	29.880	-70.00	mean	-70.00	-71.39	1480.0	107.72	NAVD88	4
295247095382201	-95.640	29.880	-53.32	median	-53.32	-53.32	1195.0	122.99	NAVD88	1
295248095403501	-95.677	29.880	-22.60	median	-22.60	-22.60	408.0	127.09	NAVD88	1
295249095364701	-95.613	29.880	-88.93	median	-88.93	-88.93	1438.0	119.06	NAVD88	1
295251095264501	-95.446	29.881	-104.12	mean	-104.12	-107.65	1777.0	86.93	NAVD88	5
295251095264502	-95.446	29.881	-97.60	median	-97.60	-97.60	1698.0	86.36	NAVD88	1
295254095361901	-95.606	29.883	-81.21	median	-81.21	-81.21	1444.0	117.03	NAVD88	1
295256095350201	-95.584	29.883	-10.39	median	-10.39	-10.39	270.0	111.48	NAVD88	1
295258095354201	-95.595	29.883	-60.72	median	-66.49	-60.72	1480.0	114.80	NAVD88	17
295259095065401	-95.115	29.883	-62.82	mean	-62.82	-63.61	1560.0	46.81	NAVD88	43
295301095225901	-95.383	29.884	-54.49	median	-54.49	-54.49	355.0	70.23	NAVD88	1
295301095393901	-95.661	29.884	-33.45	mean	-33.45	-33.18	1145.0	127.94	NAVD88	12
295302095425201	-95.715	29.884	-26.80	median	-26.80	-26.80	1060.0	138.56	NAVD88	1
295306095270501	-95.452	29.885	-95.53	mean	-95.53	-96.25	1511.0	85.21	NAVD88	4
295306095270502	-95.451	29.885	-95.52	median	-95.52	-95.52	1480.0	85.71	NAVD88	1
295306095413401	-95.687	29.884	-27.53	median	-29.26	-27.53	1060.0	133.59	NAVD88	35
295308095363801	-95.611	29.886	-52.42	median	-52.49	-52.42	1061.0	117.60	NAVD88	8
295311095572501	-95.957	29.887	21.72	median	15.33	21.72	1000.0	190.40	NAVD88	33
295314095271402	-95.454	29.887	-20.19	median	-20.19	-20.19	349.0	84.88	NAVD88	1
295314095405301	-95.682	29.887	-50.22	median	-50.22	-50.22	1230.0	131.99	NAVD88	1
295316095541901	-95.906	29.888	29.32	mean	29.32	29.27	926.0	183.77	NAVD88	25
295316095562801	-95.941	29.888	21.58	median	18.19	21.58	1002.0	190.89	NAVD88	30
295319095035801	-95.066	29.889	-38.25	median	-38.25	-38.25	563.0	43.60	NAVD88	1
295319095180701	-95.302	29.889	-52.53	median	-52.53	-52.53	372.0	63.56	NAVD88	1
295320095231701	-95.388	29.889	-26.24	median	-26.24	-26.24	510.0	73.36	NAVD88	1
295327095284101	-95.478	29.891	-84.99	median	-84.99	-84.99	1205.0	88.83	NAVD88	1
295330095243002	-95.409	29.892	-55.95	median	-55.95	-55.95	729.0	78.50	NAVD88	1
295330095362701	-95.608	29.892	-79.23	median	-79.23	-79.23	1410.0	118.42	NAVD88	1
295333095433801	-95.728	29.893	-6.78	median	-8.35	-6.78	695.0	141.85	NAVD88	30
295334095244704	-95.413	29.893	-55.87	median	-55.87	-55.87	715.0	80.79	NAVD88	1
295335095275601	-95.466	29.893	-89.30	median	-89.30	-89.30	935.0	86.92	NAVD88	1
295336095253701	-95.427	29.894	-88.46	median	-88.46	-88.46	952.0	85.65	NAVD88	1
295336095292301	-95.490	29.894	-85.64	median	-85.64	-85.64	1404.0	93.74	NAVD88	1
295339095383201	-95.642	29.894	-44.20	median	-43.71	-44.20	990.0	123.76	NAVD88	30
295344095131001	-95.220	29.896	-51.61	median	-51.61	-51.61	575.0	48.53	NAVD88	1
295346095385801	-95.650	29.896	-49.06	median	-49.06	-49.06	780.0	126.74	NAVD88	1
295348095375701	-95.633	29.897	-37.21	median	-37.21	-37.21	743.0	125.97	NAVD88	1
295348095470901	-95.786	29.897	4.36	median	3.92	4.36	660.0	159.99	NAVD88	10
295350095320801	-95.536	29.898	-61.62	median	-61.62	-61.62	620.0	106.22	NAVD88	1
295402095572401	-95.957	29.901	36.36	mean	36.36	36.69	905.0	195.72	NAVD88	25
295407095491001	-95.820	29.902	26.38	median	26.38	26.38	726.0	165.10	NAVD88	1
295412095362801	-95.608	29.904	-65.16	median	-65.16	-65.16	1385.0	119.81	NAVD88	1
295413095353201	-95.593	29.904	-53.78	median	-53.78	-53.78	929.0	117.51	NAVD88	1
295414095382001	-95.639	29.904	-38.07	median	-38.07	-38.07	1140.0	127.18	NAVD88	1
295420095385601	-95.649	29.906	-48.14	median	-48.14	-48.14	1002.0	129.71	NAVD88	1
295435095325301	-95.548	29.910	-13.05	median	-13.05	-13.05	359.0	111.89	NAVD88	1
295436095194201	-95.329	29.910	-54.90	median	-54.90	-54.90	700.0	66.90	NAVD88	1
295439095214101	-95.362	29.911	-50.95	median	-50.95	-50.95	489.0	70.65	NAVD88	1
295439095462001	-95.772	29.911	9.98	median	9.20	9.98	550.0	156.61	NAVD88	10
295442095542401	-95.907	29.912	36.54	mean	36.54	36.59	810.0	185.85	NAVD88	9
295449095084102	-95.145	29.914	-47.18	mean	-47.18	-47.49	1503.0	53.82	NAVD88	79
295449095084103	-95.145	29.914	-47.75	mean	-47.75	-47.59	699.0	53.82	NAVD88	78
295449095084104	-95.145	29.914	-47.87	mean	-47.87	-47.88	1048.0	53.82	NAVD88	78
295449095084105	-95.146	29.913	-28.96	mean	-28.96	-29.24	1940.0	51.98	NAVD88	77
295450095390001	-95.650	29.914	-19.63	median	-19.63	-19.63	674.0	132.69	NAVD88	1
295451095083901	-95.144	29.914	-40.48	mean	-40.48	-40.27	540.0	57.11	NAVD88	31
295452095244201	-95.412	29.915	-44.00	median	-44.00	-44.00	355.0	83.06	NAVD88	1
295459095361001	-95.603	29.917	1.46	median	1.29	1.46	893.0	122.03	NAVD88	9
295501095331501	-95.554	29.917	-10.43	mean	-10.43	-10.70	812.0	114.91	NAVD88	8
295501095334401	-95.562	29.917	-21.94	mean	-21.94	-22.61	740.0	114.69	NAVD88	9
295504095223201	-95.376	29.918	-17.63	median	-17.63	-17.63	300.0	73.14	NAVD88	1
295505095462201	-95.773	29.918	13.60	mean	13.60	13.96	565.0	158.90	NAVD88	10
295507095354301	-95.596	29.919	-57.88	median	-57.88	-57.88	1230.0	124.30	NAVD88	1
295520095301401	-95.504	29.922	-69.14	median	-69.14	-69.14	820.0	105.96	NAVD88	1
295521095273301	-95.459	29.923	-31.93	median	-31.93	-31.93	430.0	97.01	NAVD88	1
295528095203901	-95.344	29.925	-45.37	median	-45.37	-45.37	560.0	68.65	NAVD88	1
295529095043501	-95.080	29.925	-55.18	median	-55.18	-55.18	976.0	43.99	NAVD88	1
295532095285101	-95.481	29.926	-29.82	median	-29.82	-29.82	600.0	101.80	NAVD88	1
295538095353101	-95.592	29.927	-50.11	median	-50.11	-50.11	1150.0	120.35	NAVD88	1
295540095245601	-95.416	29.928	-35.31	median	-35.31	-35.31	326.0	87.09	NAVD88	1
295543095275101	-95.464	29.929	-22.72	median	-22.72	-22.72	365.0	96.70	NAVD88	1
295544095462401	-95.774	29.929	18.68	median	17.84	18.68	968.0	159.85	NAVD88	36
295545095340401	-95.568	29.929	-49.55	median	-49.55	-49.55	968.0	119.15	NAVD88	1
295546095374001	-95.628	29.930	-34.93	median	-34.93	-34.93	696.0	131.31	NAVD88	1
295548095462501	-95.774	29.930	13.31	mean	13.31	12.67	533.0	158.24	NAVD88	5
295552095562601	-95.941	29.931	31.94	mean	31.94	32.86	828.0	201.96	NAVD88	9
295553095191201	-95.319	29.932	-72.93	median	-72.93	-72.93	1680.0	71.74	NAVD88	1
295554095433301	-95.726	29.932	0.48	median	0.96	0.48	1160.0	153.29	NAVD88	10
295555095332501	-95.557	29.932	-50.02	median	-50.02	-50.02	820.0	120.63	NAVD88	1
295556095341101	-95.570	29.933	-51.44	median	-51.44	-51.44	1172.0	121.06	NAVD88	1
295556095351101	-95.587	29.933	-2.05	median	-2.05	-2.05	301.0	123.38	NAVD88	1
295558095442301	-95.740	29.933	-5.89	median	-3.80	-5.89	1160.0	152.61	NAVD88	7
295603095144901	-95.236	29.934	-9.09	mean	-9.09	-9.18	200.0	52.60	NAVD88	12
295604095184701	-95.313	29.935	-33.30	median	-33.30	-33.30	566.0	72.57	NAVD88	1
295604095301001	-95.503	29.935	-59.52	median	-59.52	-59.52	980.0	108.00	NAVD88	1
295604095301002	-95.503	29.935	-17.67	median	-17.67	-17.67	385.0	108.00	NAVD88	1
295604095430601	-95.719	29.935	5.85	median	5.85	5.85	1190.0	152.03	NAVD88	2
295605095184701	-95.314	29.935	-64.40	median	-64.40	-64.40	1108.0	72.25	NAVD88	1
295615095385601	-95.649	29.938	-16.63	median	-16.63	-16.63	624.0	137.35	NAVD88	1
295616095170101	-95.284	29.938	-46.98	mean	-46.98	-46.21	600.0	67.12	NAVD88	13
295616095170201	-95.284	29.938	-42.83	mean	-42.83	-42.74	762.0	66.93	NAVD88	5
295616095195801	-95.333	29.938	-18.50	mean	-18.50	-18.87	380.0	76.13	NAVD88	10
295616095195802	-95.333	29.938	-24.48	mean	-24.48	-24.76	500.0	76.13	NAVD88	9
295617095260101	-95.434	29.938	-35.82	mean	-35.82	-35.52	1048.0	93.54	NAVD88	8
295618095313401	-95.526	29.939	-62.65	mean	-62.65	-63.27	951.0	115.91	NAVD88	7
295619095171001	-95.287	29.939	-66.64	mean	-66.64	-67.01	1120.0	66.80	NAVD88	12
295619095324701	-95.547	29.939	-62.95	mean	-62.95	-61.71	710.0	116.95	NAVD88	12
295620095262701	-95.441	29.939	-62.08	median	-62.08	-62.08	1424.0	96.75	NAVD88	1
295621095324701	-95.547	29.939	-63.95	median	-63.95	-63.95	1355.0	116.71	NAVD88	1
295622095271101	-95.453	29.940	-66.85	median	-66.85	-66.85	1056.0	100.34	NAVD88	1
295622095404101	-95.678	29.940	-32.56	median	-32.56	-32.56	1053.0	143.97	NAVD88	1
295624095370801	-95.619	29.940	-27.03	mean	-27.03	-26.61	945.0	131.92	NAVD88	11
295624095370802	-95.619	29.940	-26.89	mean	-26.89	-26.74	672.0	131.92	NAVD88	12
295631095292701	-95.491	29.942	-63.10	median	-63.10	-63.10	1014.0	107.45	NAVD88	1
295631095315001	-95.531	29.942	-46.43	mean	-46.43	-45.14	734.0	117.40	NAVD88	6
295633095324401	-95.546	29.943	-58.77	median	-58.72	-58.77	703.0	118.43	NAVD88	12
295640095335301	-95.565	29.945	-41.63	median	-41.63	-41.63	763.0	124.70	NAVD88	1
295644095261001	-95.437	29.946	-60.97	median	-60.97	-60.97	1050.0	94.31	NAVD88	1
295646095324601	-95.546	29.946	-56.09	median	-56.94	-56.09	772.0	119.08	NAVD88	12
295647095343901	-95.578	29.947	-40.61	mean	-40.61	-42.22	1080.0	125.71	NAVD88	10
295649095215001	-95.364	29.947	-71.98	median	-71.98	-71.98	970.0	74.80	NAVD88	1
295650095315901	-95.533	29.948	-46.48	median	-52.57	-46.48	725.0	118.07	NAVD88	11
295650095322301	-95.540	29.948	-62.45	median	-63.18	-62.45	673.0	120.04	NAVD88	12
295654095401901	-95.672	29.949	13.15	mean	13.15	13.20	1170.0	144.05	NAVD88	6
295655095303501	-95.510	29.949	-47.20	median	-47.20	-47.20	950.0	111.73	NAVD88	1
295657095160203	-95.267	29.949	-56.46	median	-56.46	-56.46	1250.0	67.88	NAVD88	1
295704095320301	-95.535	29.953	-45.30	median	-45.30	-45.30	795.0	115.88	NAVD88	1
295705095320201	-95.535	29.953	-42.07	median	-42.07	-42.07	784.0	116.28	NAVD88	1
295709095300401	-95.501	29.953	-53.41	median	-53.41	-53.41	940.0	111.71	NAVD88	1
295709096013101	-96.026	29.953	35.40	mean	35.40	35.36	1404.0	175.79	NAVD88	7
295711095330201	-95.551	29.953	-62.00	median	-62.00	-62.00	730.0	119.99	NAVD88	1
295716095281901	-95.472	29.955	-17.29	median	-17.29	-17.29	297.0	104.24	NAVD88	1
295719095014101	-95.028	29.956	-20.36	median	-20.36	-20.36	312.0	51.31	NAVD88	1
295719095371701	-95.622	29.956	-26.44	mean	-26.44	-27.02	900.0	134.97	NAVD88	10
295720095390802	-95.653	29.956	-33.86	median	-33.86	-33.86	1007.0	134.79	NAVD88	1
295722095252501	-95.424	29.956	-62.66	median	-62.66	-62.66	800.0	90.88	NAVD88	1
295723095340201	-95.557	29.963	-40.82	median	-40.82	-40.82	1020.0	122.32	NAVD88	1
295728095221301	-95.371	29.958	-59.64	median	-59.64	-59.64	1220.0	85.61	NAVD88	1
295729095230101	-95.384	29.958	-49.06	median	-49.06	-49.06	820.0	83.75	NAVD88	1
295738095012401	-95.024	29.961	-21.82	median	-21.82	-21.82	519.0	54.61	NAVD88	1
295742095324801	-95.547	29.962	-1.00	median	-1.00	-1.00	225.0	121.77	NAVD88	1
295751095274001	-95.461	29.964	-57.10	median	-57.10	-57.10	945.0	104.81	NAVD88	1
295754095324901	-95.547	29.971	-43.45	median	-43.45	-43.45	824.0	123.83	NAVD88	1
295758095494301	-95.829	29.966	24.47	median	23.88	24.47	558.0	178.01	NAVD88	40
295759095214401	-95.362	29.967	-18.75	median	-18.75	-18.75	332.0	85.50	NAVD88	1
295805095255901	-95.433	29.968	-54.72	median	-54.72	-54.72	1214.0	98.48	NAVD88	1
295807095241901	-95.406	29.969	-18.91	median	-18.91	-18.91	573.0	99.00	NAVD88	1
295811095322201	-95.540	29.970	-49.04	median	-49.04	-49.04	815.0	121.82	NAVD88	1
295812095274601	-95.463	29.970	-57.01	median	-57.01	-57.01	1110.0	105.09	NAVD88	1
295813095343601	-95.577	29.971	-31.40	mean	-31.40	-31.41	510.0	129.21	NAVD88	4
295813095343801	-95.578	29.971	-45.62	mean	-45.62	-46.01	1000.0	127.84	NAVD88	4
295817095065501	-95.118	29.972	-24.15	mean	-24.15	-24.08	555.0	64.46	NAVD88	4
295821095343401	-95.576	29.973	-27.37	median	-27.37	-27.37	585.0	127.72	NAVD88	1
295821095481901	-95.806	29.973	20.99	median	19.18	20.99	895.0	174.40	NAVD88	37
295823095285601	-95.483	29.973	-53.14	median	-53.14	-53.14	1290.0	109.59	NAVD88	1
295830095215601	-95.366	29.975	-16.89	median	-16.89	-16.89	400.0	88.52	NAVD88	1
295830095333501	-95.560	29.975	-30.49	median	-30.49	-30.49	1120.0	127.32	NAVD88	2
295831095530801	-95.886	29.976	23.95	mean	23.95	23.36	1007.0	219.39	NAVD88	9
295836095233301	-95.393	29.977	-15.30	mean	-15.30	-15.30	1130.0	98.37	NAVD88	12
295840095525901	-95.882	29.979	53.73	mean	53.73	53.59	680.0	216.23	NAVD88	10
295842095361201	-95.603	29.979	-32.67	mean	-32.67	-33.33	1185.0	130.81	NAVD88	12
295845095304101	-95.512	29.979	-34.43	mean	-34.43	-34.59	802.0	122.94	NAVD88	10
295846095270801	-95.453	29.980	-69.42	median	-69.42	-69.42	1355.0	101.07	NAVD88	1
295847095270001	-95.450	29.980	-64.45	median	-64.45	-64.45	1300.0	100.11	NAVD88	1
295849095114901	-95.197	29.981	-42.46	median	-42.46	-42.46	1095.0	68.03	NAVD88	1
295850095201301	-95.338	29.980	-51.50	mean	-51.50	-52.32	1545.0	89.83	NAVD88	9
295854095400301	-95.668	29.982	-14.33	median	-14.33	-14.33	944.0	141.77	NAVD88	1
295855095204301	-95.346	29.982	-49.44	mean	-49.44	-47.51	1540.0	88.86	NAVD88	11
295856095230202	-95.384	29.983	-23.70	median	-23.70	-23.70	620.0	94.54	NAVD88	1
295904095064001	-95.111	29.985	-34.40	median	-34.40	-34.40	1146.0	65.02	NAVD88	1
295905095315701	-95.533	29.985	-25.48	median	-25.48	-25.48	660.0	123.91	NAVD88	1
295910095443501	-95.743	29.986	32.64	mean	32.64	32.61	499.0	155.36	NAVD88	9
295911095284601	-95.480	29.987	-59.21	median	-59.21	-59.21	1274.0	113.99	NAVD88	1
295913095120101	-95.201	29.987	-28.32	median	-28.32	-28.32	325.0	68.65	NAVD88	1
295914095304701	-95.513	29.988	-35.54	mean	-35.54	-35.76	775.0	123.89	NAVD88	10
295915095194001	-95.329	29.988	-50.45	mean	-50.45	-48.46	1630.0	89.40	NAVD88	12
295915095311301	-95.521	29.988	-33.03	mean	-33.03	-30.98	788.0	122.94	NAVD88	12
295917095283601	-95.477	29.988	-32.99	median	-32.99	-32.99	470.0	114.59	NAVD88	1
295918095284601	-95.480	29.989	-56.13	median	-56.13	-56.13	1240.0	113.92	NAVD88	1
295921095372201	-95.623	29.989	-23.24	median	-23.24	-23.24	962.0	141.04	NAVD88	1
295923095291101	-95.487	29.990	-37.28	median	-37.28	-37.28	1020.0	117.73	NAVD88	1
295924095353201	-95.593	29.990	-15.76	median	-15.76	-15.76	940.0	126.94	NAVD88	2
295924095450601	-95.754	29.990	18.96	mean	18.96	19.60	885.0	159.61	NAVD88	31
295928095251301	-95.421	29.991	-42.38	median	-42.38	-42.38	1264.0	105.28	NAVD88	1
295931095245601	-95.416	29.992	-48.88	median	-48.88	-48.88	925.0	103.32	NAVD88	1
295932095105701	-95.183	29.992	-30.34	median	-30.34	-30.34	1096.0	68.13	NAVD88	1
295932095514701	-95.863	29.992	30.68	median	28.87	30.68	1320.0	213.95	NAVD88	34
295934095260401	-95.435	29.993	-45.50	median	-45.50	-45.50	1160.0	106.22	NAVD88	1
295936095343901	-95.578	29.994	0.90	median	0.90	0.90	350.0	127.90	NAVD88	1
295939095251001	-95.420	29.994	-51.44	median	-51.44	-51.44	1310.0	105.08	NAVD88	1
295940095483801	-95.811	29.995	29.02	mean	29.02	29.53	550.0	198.37	NAVD88	30
295943095062801	-95.108	29.996	-43.94	median	-43.94	-43.94	1150.0	66.26	NAVD88	1
295944095155801	-95.266	29.996	-28.80	mean	-28.80	-27.80	290.0	88.65	NAVD88	8
295950095084001	-95.145	29.997	-25.25	median	-25.25	-25.25	540.0	58.54	NAVD88	1
295953095420101	-95.701	29.998	15.69	median	15.69	15.69	428.0	156.61	NAVD88	1
295953095420102	-95.701	29.998	15.69	median	15.69	15.69	410.0	156.61	NAVD88	1
295954095283301	-95.476	29.999	5.82	mean	5.82	5.89	238.0	116.58	NAVD88	5
300002095463701	-95.777	30.001	30.59	mean	30.59	30.51	547.0	198.59	NAVD88	10
300003095230101	-95.384	30.001	-62.18	median	-62.18	-62.18	1390.0	95.42	NAVD88	1
300013094580901	-94.969	30.004	-15.21	mean	-15.21	-14.94	837.0	67.06	NAVD88	11
300015095343301	-95.576	30.004	-19.51	median	-19.51	-19.51	680.0	137.06	NAVD88	1
300017095271601	-95.455	30.005	-37.20	median	-37.20	-37.20	680.0	112.00	NAVD88	1
300019095252401	-95.424	30.006	-50.48	median	-50.48	-50.48	1155.0	105.17	NAVD88	1
300020094584601	-94.980	30.006	-12.53	mean	-12.53	-12.24	800.0	66.26	NAVD88	7
300026095284801	-95.480	30.008	-40.07	median	-40.07	-40.07	814.0	98.74	NAVD88	1
300028095161801	-95.272	30.008	-35.27	median	-35.27	-35.27	860.0	91.22	NAVD88	1
300029095284301	-95.479	30.008	-23.89	median	-23.89	-23.89	530.0	107.94	NAVD88	1
300036095094701	-95.163	30.010	-34.14	median	-34.14	-34.14	1055.0	67.88	NAVD88	1
300037095084801	-95.147	30.011	-21.54	mean	-21.54	-21.90	549.0	68.26	NAVD88	9
300038095222601	-95.374	30.011	-45.06	median	-45.06	-45.06	760.0	85.66	NAVD88	1
300042095485201	-95.815	30.012	52.99	median	52.99	52.99	737.0	208.69	NAVD88	1
300045095333101	-95.559	30.013	-53.49	median	-53.49	-53.49	1210.0	136.44	NAVD88	1
300050095275301	-95.464	30.014	-41.79	mean	-41.79	-42.66	1165.0	117.69	NAVD88	8
300051095175201	-95.298	30.014	-24.98	median	-24.98	-24.98	1038.0	91.43	NAVD88	1
300051095271801	-95.455	30.014	-34.29	mean	-34.29	-35.99	752.0	115.92	NAVD88	9
300053095271901	-95.456	30.015	-41.87	median	-41.93	-41.87	1236.0	116.14	NAVD88	3
300055095255601	-95.433	30.016	-49.53	median	-49.53	-49.53	1136.0	111.23	NAVD88	1
300056095335601	-95.566	30.016	-26.76	median	-26.62	-26.76	962.0	139.58	NAVD88	11
300057095210701	-95.352	30.016	-10.52	median	-10.52	-10.52	438.0	81.05	NAVD88	1
300058095204301	-95.346	30.016	-3.43	median	-3.43	-3.43	507.0	83.93	NAVD88	1
300102095485201	-95.815	30.017	34.44	mean	34.44	34.53	550.0	206.63	NAVD88	10
300103095383301	-95.643	30.018	20.57	median	20.57	20.57	265.0	156.35	NAVD88	1
300108095524801	-95.880	30.019	27.48	median	27.48	27.48	910.0	235.65	NAVD88	1
300110094320901	-94.536	30.020	6.38	mean	6.38	6.40	492.0	53.42	NAVD88	6
300112095252401	-95.424	30.020	-52.78	median	-52.78	-52.78	1180.0	110.75	NAVD88	1
300118095502801	-95.841	30.022	48.84	mean	48.84	48.79	497.0	218.19	NAVD88	8
300120095063601	-95.110	30.023	-16.29	median	-15.91	-16.29	367.0	68.72	NAVD88	7
300120095063602	-95.110	30.023	-16.18	mean	-16.18	-16.03	637.0	68.72	NAVD88	13
300125095504701	-95.847	30.024	25.65	median	25.65	25.65	230.0	222.74	NAVD88	1
300126095241401	-95.404	30.024	-45.10	mean	-45.10	-44.09	1052.0	109.72	NAVD88	68
300131095241801	-95.405	30.026	-36.26	median	-36.26	-36.26	511.0	103.03	NAVD88	1
300133095065101	-95.115	30.027	-17.81	mean	-17.81	-17.67	1010.0	68.11	NAVD88	11
300140095285901	-95.483	30.028	-58.80	median	-58.80	-58.80	1150.0	117.33	NAVD88	1
300146095510401	-95.851	30.030	38.17	mean	38.17	41.92	297.0	223.97	NAVD88	11
300146095510402	-95.851	30.030	-28.22	median	-28.22	-28.22	332.0	223.97	NAVD88	1
300159095014901	-95.031	30.033	-11.44	median	-11.44	-11.44	912.0	68.26	NAVD88	1
300205095301901	-95.506	30.035	-41.41	median	-41.41	-41.41	1115.0	118.42	NAVD88	1
300216095041001	-95.070	30.038	-13.28	median	-13.28	-13.28	415.0	68.15	NAVD88	1
300218095321401	-95.537	30.039	-40.98	median	-40.98	-40.98	1105.0	133.81	NAVD88	1
300223095143001	-95.240	30.040	-23.03	median	-23.03	-23.03	1012.0	84.72	NAVD88	1
300242094565701	-94.949	30.045	-11.50	median	-11.93	-11.50	940.0	77.42	NAVD88	11
300243094573501	-94.960	30.046	-12.58	median	-12.58	-12.58	870.0	78.76	NAVD88	1
300244095312801	-95.525	30.046	23.97	median	23.97	23.97	200.0	134.33	NAVD88	1
300250095193201	-95.326	30.047	-3.80	median	-3.80	-3.80	375.0	92.74	NAVD88	1
300254094531801	-94.888	30.049	-6.79	median	-7.04	-6.79	1314.0	82.41	NAVD88	7
300258095145301	-95.243	30.066	-23.44	median	-23.44	-23.44	1046.0	83.89	NAVD88	1
300259095320101	-95.534	30.050	-1.86	median	-1.86	-1.86	502.0	140.01	NAVD88	1
300308095071401	-95.121	30.052	-8.52	median	-8.96	-8.52	570.0	66.75	NAVD88	12
300308095071402	-95.121	30.052	-8.22	mean	-8.22	-8.23	503.0	66.75	NAVD88	5
300319095244101	-95.412	30.056	-20.35	median	-20.35	-20.35	380.0	110.36	NAVD88	1
300322095230601	-95.385	30.056	-59.33	median	-59.33	-59.33	1174.0	104.61	NAVD88	1
300324094473501	-94.793	30.057	-5.87	median	-7.26	-5.87	651.0	28.49	NAVD88	9
300334095113401	-95.189	30.063	-20.09	median	-20.09	-20.09	1100.0	72.18	NAVD88	1
300345095245201	-95.415	30.063	12.86	median	12.86	12.86	219.0	112.48	NAVD88	1
300350095224901	-95.381	30.064	-24.85	median	-24.85	-24.85	560.0	107.83	NAVD88	1
300408095115201	-95.198	30.069	-14.04	median	-14.04	-14.04	1060.0	74.70	NAVD88	1
300408095485701	-95.816	30.069	45.26	mean	45.26	46.06	1160.0	246.50	NAVD88	32
300413095002201	-95.007	30.071	-10.07	median	-10.25	-10.07	1017.0	84.45	NAVD88	7
300415095475901	-95.800	30.071	47.79	median	47.79	47.79	360.0	234.15	NAVD88	1
300417094404801	-94.680	30.072	5.24	median	4.90	5.24	1180.0	69.81	NAVD88	10
300417095271401	-95.454	30.072	-47.32	median	-47.32	-47.32	1048.0	127.35	NAVD88	1
300418095330601	-95.552	30.072	-1.86	median	-1.86	-1.86	407.0	143.99	NAVD88	1
300419095154301	-95.262	30.071	-19.95	median	-19.95	-19.95	1465.0	86.65	NAVD88	1
300420095293701	-95.494	30.073	-9.21	median	-9.21	-9.21	632.0	139.30	NAVD88	1
300431095452501	-95.757	30.076	34.74	median	34.74	34.74	328.0	229.05	NAVD88	1
300440095331801	-95.555	30.078	-0.62	median	-0.62	-0.62	550.0	148.01	NAVD88	1
300440095331802	-95.555	30.078	10.23	median	10.23	10.23	366.0	148.01	NAVD88	1
300447095253702	-95.427	30.080	-13.13	median	-13.13	-13.13	345.0	123.65	NAVD88	1
300447095444101	-95.745	30.080	40.56	median	40.56	40.56	302.0	233.83	NAVD88	2
300450095250501	-95.418	30.081	-29.50	median	-30.05	-29.50	1072.0	120.78	NAVD88	11
300521095365101	-95.614	30.089	30.78	mean	30.78	31.12	412.0	180.75	NAVD88	12
300524095370701	-95.619	30.090	25.28	median	25.28	25.28	415.0	183.55	NAVD88	1
300550095125801	-95.216	30.098	-1.32	median	-1.32	-1.32	850.0	98.75	NAVD88	1
300551095365701	-95.616	30.098	31.46	mean	31.46	31.59	303.0	186.88	NAVD88	12
300555094450501	-94.752	30.099	-1.17	median	-1.17	-1.17	1645.0	71.22	NAVD88	2
300556095304101	-95.512	30.099	3.05	median	3.04	3.05	833.0	142.73	NAVD88	13
300624095302001	-95.506	30.107	9.90	median	9.90	9.90	386.0	144.93	NAVD88	1
300624095302002	-95.506	30.107	9.90	median	9.90	9.90	385.0	144.93	NAVD88	1
300630095373301	-95.626	30.109	36.94	median	36.94	36.94	444.0	194.36	NAVD88	1
300637095240801	-95.402	30.112	-6.37	median	-6.37	-6.37	506.0	105.45	NAVD88	1
300641095003101	-95.009	30.112	0.99	median	0.59	0.99	1006.0	81.93	NAVD88	5
300705094432101	-94.723	30.118	8.86	mean	8.86	9.01	485.0	72.96	NAVD88	6
300709094462801	-94.775	30.119	-4.73	median	-4.73	-4.73	440.0	24.75	NAVD88	1
300720095005201	-95.014	30.122	2.87	median	2.53	2.87	580.0	86.15	NAVD88	8
300732095292101	-95.491	30.125	-34.21	median	-34.21	-34.21	870.0	126.65	NAVD88	1
300736095000701	-95.002	30.127	3.96	median	2.88	3.96	1015.0	85.30	NAVD88	9
300742095244301	-95.412	30.131	6.56	median	6.56	6.56	425.0	111.16	NAVD88	1
300748094554501	-94.931	30.131	2.38	median	2.56	2.38	401.0	96.49	NAVD88	10
300753095285801	-95.483	30.132	5.16	median	5.16	5.16	500.0	126.65	NAVD88	1
300756095000601	-95.002	30.133	-1.80	median	-2.02	-1.80	1040.0	87.19	NAVD88	4
300757094554201	-94.929	30.133	9.83	median	9.83	9.83	760.0	97.93	NAVD88	1
300758095322501	-95.541	30.133	-9.42	median	-9.42	-9.42	880.0	160.61	NAVD88	1
300801095393701	-95.661	30.134	4.41	median	4.41	4.41	642.0	189.23	NAVD88	1
300808095324801	-95.547	30.136	30.36	median	30.36	30.36	360.0	175.92	NAVD88	1
300809095442601	-95.741	30.136	47.31	median	47.31	47.31	353.0	217.62	NAVD88	1
300814095393001	-95.659	30.137	46.56	median	46.56	46.56	274.0	195.20	NAVD88	1
300815094001102	-94.003	30.138	-9.30	median	-9.30	-9.30	410.0	20.00	NGVD29	1
300818095284701	-95.480	30.139	11.99	median	11.99	11.99	370.0	116.69	NAVD88	1
300820095254601	-95.430	30.139	8.87	median	8.87	8.87	370.0	114.60	NAVD88	1
300831095173401	-95.292	30.142	1.45	median	1.45	1.45	560.0	113.69	NAVD88	1
300857094400101	-94.667	30.149	11.78	median	10.10	11.78	624.0	69.65	NAVD88	9
300925095132501	-95.224	30.157	2.25	median	2.25	2.25	620.0	98.25	NAVD88	1
300927095264401	-95.446	30.158	-29.34	median	-29.34	-29.34	998.0	130.36	NAVD88	1
300930094012501	-94.024	30.159	-10.56	median	-10.56	-10.56	460.0	16.00	NGVD29	1
300932094005301	-94.015	30.159	-8.69	mean	-8.69	-8.16	495.0	26.00	NGVD29	5
300959095222901	-95.375	30.167	17.46	median	17.46	17.46	307.0	94.32	NAVD88	1
301012095265401	-95.449	30.170	1.05	median	1.05	1.05	520.0	143.39	NAVD88	1
301052095265501	-95.449	30.181	-19.79	median	-19.79	-19.79	985.0	142.15	NAVD88	1
301107095472201	-95.790	30.186	31.20	median	31.20	31.20	532.0	256.66	NAVD88	1
301107095472202	-95.790	30.186	56.62	median	56.62	56.62	305.0	256.66	NAVD88	1
301152095152701	-95.258	30.198	16.82	median	16.82	16.82	402.0	113.26	NAVD88	1
301233095450104	-95.751	30.209	28.81	median	28.81	28.81	622.0	272.93	NAVD88	1
301234094112801	-94.191	30.210	-10.29	median	-10.29	-10.29	800.0	25.00	NGVD29	2
301237094012301	-94.023	30.210	-5.49	mean	-5.49	-5.57	380.0	26.00	NGVD29	6
301246094010601	-94.019	30.213	-5.08	mean	-5.08	-5.15	385.0	27.00	NGVD29	6
301259094063901	-94.111	30.217	-6.72	median	-6.71	-6.72	800.0	21.00	NGVD29	3
301316094114601	-94.196	30.221	-10.91	median	-11.95	-10.91	795.0	26.00	NGVD29	3
301338095272301	-95.457	30.227	30.78	median	30.78	30.78	222.0	126.28	NAVD88	1
301408094442201	-94.741	30.237	14.20	mean	14.20	14.29	1150.0	94.93	NAVD88	10
301411094432601	-94.724	30.237	13.75	mean	13.75	13.90	660.0	89.10	NAVD88	10
301412094114001	-94.195	30.237	-11.90	median	-11.55	-11.90	448.0	35.00	NGVD29	5
301426094123701	-94.210	30.241	-4.58	median	-4.58	-4.58	780.0	40.00	NGVD29	1
301444095092401	-95.157	30.246	21.04	median	21.04	21.04	405.0	120.86	NAVD88	1
301452094123801	-94.211	30.248	-9.10	median	-9.10	-9.10	796.0	43.00	NGVD29	1
301532095262401	-95.440	30.259	16.98	median	16.98	16.98	1248.0	142.78	NAVD88	1
301535094053501	-94.093	30.260	-5.02	mean	-5.02	-5.08	468.0	30.00	NGVD29	6
301537094051301	-94.087	30.260	-20.45	median	-20.45	-20.45	1250.0	35.00	NGVD29	1
301554094120201	-94.201	30.265	-2.31	median	-2.58	-2.31	463.0	55.00	NGVD29	5
301602095221501	-95.371	30.267	38.15	median	38.15	38.15	200.0	161.08	NAVD88	1
301608094582401	-94.974	30.269	24.79	mean	24.79	25.01	627.0	127.85	NAVD88	9
301616095293801	-95.494	30.271	13.49	median	13.49	13.49	550.0	125.52	NAVD88	1
302003095315501	-95.532	30.334	11.75	median	11.75	11.75	430.0	147.90	NAVD88	1
302014095343202	-95.576	30.337	42.57	median	42.57	42.57	481.0	199.32	NAVD88	1
302040095050701	-95.086	30.345	28.92	mean	28.92	28.76	845.0	158.04	NAVD88	8
302048095335201	-95.565	30.347	41.04	median	41.04	41.04	450.0	198.38	NAVD88	1
302053094100601	-94.169	30.348	-6.79	median	-6.52	-6.79	842.0	80.00	NGVD29	6
302053095290001	-95.484	30.348	36.11	median	36.11	36.11	540.0	264.47	NAVD88	1
302055094041301	-94.070	30.349	1.80	median	2.24	1.80	1295.0	45.00	NGVD29	7
302055094041302	-94.070	30.349	-45.71	mean	-45.71	-45.07	1295.0	45.00	NGVD29	7
302100094104102	-94.178	30.350	-10.06	mean	-10.06	-10.02	900.0	80.00	NGVD29	6
302125095310001	-95.517	30.357	44.82	median	44.82	44.82	415.0	258.57	NAVD88	1
302130095280201	-95.468	30.359	49.47	median	49.47	49.47	880.0	259.58	NAVD88	1
302140094042001	-94.072	30.361	1.97	median	1.97	1.97	226.0	42.00	NGVD29	1
302154094590701	-94.985	30.366	37.47	mean	37.47	37.36	502.0	153.24	NAVD88	10
302156095001501	-95.004	30.366	40.74	mean	40.74	40.58	452.0	151.23	NAVD88	9
302331095283101	-95.476	30.392	59.10	median	59.10	59.10	520.0	306.66	NAVD88	1
302353094593701	-94.994	30.399	37.74	mean	37.74	38.46	835.0	159.42	NAVD88	9
302409095314801	-95.530	30.403	51.95	median	51.95	51.95	400.0	277.57	NAVD88	1
302418094595601	-94.999	30.405	38.83	mean	38.83	39.02	693.0	160.15	NAVD88	6
302422094563403	-94.964	30.408	29.89	median	29.89	29.89	370.0	160.42	NAVD88	1
302534095322701	-95.541	30.426	66.10	median	66.10	66.10	645.0	274.21	NAVD88	1
303000095002001	-95.010	30.498	26.41	median	26.41	26.41	490.0	173.18	NAVD88	1
305651094504701	-94.847	29.948	-8.90	median	-8.90	-8.90	293.0	49.30	NAVD88	1
