Well_ID	Longitude	Latitude	GWLm	method	mean	median	well_constructed_depth	altitude	vertical_datum	Counts
285414095323901	-95.544	28.904	1.40	median	1.40	1.40	587.0	9.52	NAVD88	1
285537095214001	-95.362	28.927	-39.67	mean	-39.67	-39.66	224.0	4.85	NAVD88	47
285541095225401	-95.382	28.928	-41.86	mean	-41.86	-42.12	248.0	5.31	NAVD88	46
285607095210701	-95.352	28.936	-39.30	mean	-39.30	-39.14	252.0	4.91	NAVD88	58
285629095192801	-95.325	28.942	-38.31	mean	-38.31	-36.95	254.0	4.91	NAVD88	7
285633095224301	-95.379	28.943	-43.68	mean	-43.68	-43.58	246.0	6.59	NAVD88	56
285648095202101	-95.339	28.947	-38.64	mean	-38.64	-38.58	249.0	5.09	NAVD88	4
285654095215101	-95.364	28.949	-44.37	mean	-44.37	-44.38	249.0	4.91	NAVD88	6
285703095191001	-95.320	28.951	-38.27	mean	-38.27	-38.37	250.0	5.22	NAVD88	64
285715095202701	-95.341	28.954	-35.68	median	-35.68	-35.68	248.0	4.91	NAVD88	1
285725095164601	-95.280	28.957	-3.75	median	-3.75	-3.75	401.0	4.91	NAVD88	1
285727095205801	-95.350	28.958	-40.01	mean	-40.01	-39.99	258.0	4.91	NAVD88	63
285807095232801	-95.391	28.969	-14.85	mean	-14.85	-14.41	212.0	6.84	NAVD88	58
285919095344701	-95.581	28.989	-5.87	mean	-5.87	-5.75	506.0	13.66	NAVD88	8
285925095213801	-95.361	28.991	-17.05	median	-17.05	-17.05	319.0	5.01	NAVD88	1
285938095234002	-95.395	28.994	-17.57	mean	-17.57	-17.71	233.0	9.37	NAVD88	63
285944095240801	-95.403	28.996	-17.57	mean	-17.57	-17.46	240.0	6.78	NAVD88	62
285946095220901	-95.369	28.996	-16.77	median	-16.77	-16.77	220.0	4.91	NAVD88	1
290125095113701	-95.194	29.024	-4.04	median	-4.04	-4.04	319.0	4.96	NAVD88	1
290209095265101	-95.448	29.036	-26.63	median	-25.66	-26.63	323.0	12.09	NAVD88	34
290210095261601	-95.438	29.036	-24.81	mean	-24.81	-25.29	328.0	14.32	NAVD88	35
290216095262901	-95.442	29.038	-9.86	mean	-9.86	-9.60	250.0	14.33	NAVD88	59
290218095262901	-95.442	29.039	-27.56	mean	-27.56	-27.81	340.0	14.50	NAVD88	27
290225095263701	-95.444	29.041	-26.80	mean	-26.80	-26.73	340.0	14.76	NAVD88	26
290237095265102	-95.448	29.044	-26.81	median	-25.61	-26.81	338.0	15.91	NAVD88	34
290333095204201	-95.345	29.059	-7.80	median	-7.80	-7.80	220.0	8.85	NAVD88	1
290356095201801	-95.339	29.066	-9.61	median	-9.61	-9.61	280.0	10.01	NAVD88	1
290408095201601	-95.338	29.069	-25.98	median	-25.98	-25.98	282.0	8.20	NAVD88	1
290422095202501	-95.341	29.073	-9.26	median	-9.26	-9.26	290.0	7.12	NAVD88	1
290429095072802	-95.125	29.075	-0.32	median	-0.32	-0.32	211.0	4.97	NAVD88	1
290754095033502	-95.060	29.132	-4.34	median	-4.34	-4.34	300.0	5.00	NAVD88	1
290818095025201	-95.048	29.139	-7.45	median	-7.06	-7.45	300.0	4.96	NAVD88	3
290834095384201	-95.645	29.143	-7.30	median	-7.29	-7.30	659.0	34.28	NAVD88	4
290938095371601	-95.621	29.161	2.74	median	2.74	2.74	220.0	28.84	NAVD88	1
290939095480601	-95.802	29.161	3.27	median	2.35	3.27	500.0	49.97	NAVD88	6
291005095374801	-95.630	29.168	-11.43	median	-11.43	-11.43	640.0	33.13	NAVD88	1
291055095482501	-95.807	29.182	2.71	median	2.69	2.71	399.0	52.94	NAVD88	12
291103095322801	-95.541	29.184	-0.20	median	-0.20	-0.20	434.0	35.37	NAVD88	1
291114095213001	-95.359	29.188	3.01	mean	3.01	3.04	335.0	15.01	NAVD88	6
291125095372301	-95.623	29.191	-24.81	median	-24.81	-24.81	421.0	33.96	NAVD88	1
291136095373101	-95.626	29.194	-23.30	median	-23.30	-23.30	417.0	34.83	NAVD88	1
291201095200701	-95.336	29.201	-17.16	mean	-17.16	-17.36	960.0	14.20	NAVD88	12
291204095264001	-95.445	29.201	-13.81	mean	-13.81	-14.31	807.0	32.90	NAVD88	11
291210095484001	-95.811	29.203	2.07	median	1.65	2.07	473.0	55.15	NAVD88	6
291338095202401	-95.340	29.227	1.94	median	1.94	1.94	235.0	20.27	NAVD88	1
291545095202401	-95.341	29.263	-6.63	median	-6.86	-6.63	514.0	26.00	NAVD88	5
291759095391401	-95.654	29.300	-5.25	median	-7.27	-5.25	482.0	55.29	NAVD88	11
291808095261701	-95.438	29.302	-11.53	mean	-11.53	-11.64	1168.0	40.26	NAVD88	6
291843095321401	-95.537	29.312	-10.79	median	-10.79	-10.79	885.0	40.18	NAVD88	1
291859095152601	-95.257	29.317	-14.88	mean	-14.88	-15.03	350.0	24.77	NAVD88	5
291948095135401	-95.232	29.330	-22.24	mean	-22.24	-22.84	400.0	20.41	NAVD88	11
291949095024801	-95.047	29.331	-28.71	mean	-28.71	-28.73	756.0	19.74	NAVD88	11
292007094575401	-94.965	29.336	-41.10	median	-41.10	-41.10	634.0	6.47	NAVD88	1
292037095010501	-95.018	29.344	-28.18	mean	-28.18	-28.39	1080.0	14.01	NAVD88	9
292050095010501	-95.018	29.348	-30.63	mean	-30.63	-29.36	790.0	16.04	NAVD88	6
292050095010801	-95.019	29.348	-35.72	mean	-35.72	-37.49	720.0	16.34	NAVD88	9
292054095171901	-95.289	29.349	-11.75	mean	-11.75	-11.93	473.0	29.75	NAVD88	7
292138095435801	-95.733	29.361	0.24	median	-0.25	0.24	1195.0	74.80	NAVD88	6
292144095033601	-95.060	29.363	-32.68	mean	-32.68	-32.72	884.0	20.03	NAVD88	5
292151095035901	-95.067	29.364	-32.46	mean	-32.46	-32.09	888.0	20.49	NAVD88	10
292155095041001	-95.070	29.366	-33.85	mean	-33.85	-33.81	873.0	20.03	NAVD88	7
292155095451801	-95.755	29.366	-7.84	median	-7.84	-7.84	1184.0	76.72	NAVD88	1
292159095042101	-95.073	29.367	-32.09	mean	-32.09	-32.23	866.0	20.03	NAVD88	9
292203095043201	-95.076	29.368	-33.39	mean	-33.39	-33.25	843.0	23.70	NAVD88	9
292204095042901	-95.075	29.368	-34.72	mean	-34.72	-34.80	874.0	19.98	NAVD88	12
292204095043601	-95.077	29.368	-33.47	mean	-33.47	-33.48	836.0	24.67	NAVD88	10
292204095281301	-95.471	29.368	-6.37	mean	-6.37	-6.44	923.0	50.08	NAVD88	6
292205095043701	-95.077	29.368	-34.40	mean	-34.40	-34.15	850.0	24.16	NAVD88	73
292207094544001	-94.911	29.369	-60.52	median	-60.52	-60.52	645.0	6.65	NAVD88	1
292208095042701	-95.074	29.369	-32.88	median	-33.36	-32.88	775.0	19.53	NAVD88	3
292209095042801	-95.075	29.369	-36.59	mean	-36.59	-36.89	855.0	19.10	NAVD88	10
292210095044501	-95.079	29.370	-34.01	mean	-34.01	-34.16	840.0	24.62	NAVD88	12
292211094543301	-94.909	29.370	-26.38	mean	-26.38	-26.36	1042.0	7.53	NAVD88	4
292211095044501	-95.079	29.370	-33.32	mean	-33.32	-34.09	817.0	24.08	NAVD88	11
292239094570301	-94.951	29.378	-26.44	mean	-26.44	-26.57	1005.0	14.67	NAVD88	12
292305094554801	-94.930	29.385	-50.81	mean	-50.81	-51.62	715.0	13.48	NAVD88	8
292314094563001	-94.942	29.387	-43.95	mean	-43.95	-43.40	702.0	9.99	NAVD88	7
292324094573801	-94.961	29.390	-42.94	mean	-42.94	-43.16	737.0	9.76	NAVD88	13
292327094575901	-94.967	29.391	-49.80	mean	-49.80	-49.41	644.0	11.13	NAVD88	12
292330094542701	-94.908	29.392	-53.85	mean	-53.85	-53.73	764.0	9.67	NAVD88	13
292333094545001	-94.914	29.393	-52.59	mean	-52.59	-53.47	763.0	9.84	NAVD88	12
292336094550901	-94.919	29.394	-50.55	mean	-50.55	-50.13	768.0	5.28	NAVD88	11
292336095063301	-95.109	29.394	-38.68	mean	-38.68	-39.15	805.0	28.26	NAVD88	11
292337094542801	-94.908	29.394	-53.38	mean	-53.38	-53.36	772.0	9.86	NAVD88	12
292338095063601	-95.110	29.394	-39.60	mean	-39.60	-39.70	870.0	27.82	NAVD88	76
292350095002201	-95.006	29.398	-31.18	mean	-31.18	-31.10	874.0	20.00	NAVD88	11
292358095062001	-95.106	29.400	-41.44	mean	-41.44	-42.20	776.0	26.36	NAVD88	10
292359094544601	-94.913	29.400	-51.01	mean	-51.01	-50.53	772.0	5.00	NAVD88	15
292359095501601	-95.838	29.400	8.71	mean	8.71	8.85	435.0	92.24	NAVD88	4
292403095052601	-95.091	29.401	-41.93	mean	-41.93	-42.97	771.0	25.88	NAVD88	9
292405095052101	-95.089	29.402	-43.48	mean	-43.48	-43.85	770.0	25.20	NAVD88	11
292409095422501	-95.707	29.403	-12.60	median	-12.60	-12.60	520.0	66.36	NAVD88	1
292416095424701	-95.713	29.405	-12.26	median	-12.26	-12.26	520.0	67.04	NAVD88	1
292431094555601	-94.933	29.409	-28.61	mean	-28.61	-28.28	894.0	6.76	NAVD88	11
292439094553101	-94.926	29.411	-36.89	mean	-36.89	-37.19	785.0	6.03	NAVD88	12
292440095053801	-95.094	29.411	-40.74	mean	-40.74	-40.74	764.0	23.47	NAVD88	5
292443095045201	-95.081	29.412	-42.34	mean	-42.34	-42.06	781.0	24.94	NAVD88	5
292456095560101	-95.934	29.416	16.03	mean	16.03	15.94	564.0	95.08	NAVD88	5
292458094534201	-94.895	29.416	-8.71	mean	-8.71	-8.88	210.0	5.30	NAVD88	34
292458094534202	-94.895	29.416	-19.65	median	-19.65	-19.65	302.0	5.30	NAVD88	1
292458094534203	-94.895	29.416	-29.98	median	-29.98	-29.98	400.0	5.30	NAVD88	1
292458094534204	-94.895	29.416	-36.22	mean	-36.22	-36.24	535.0	5.30	NAVD88	31
292458094534205	-94.895	29.416	-27.97	mean	-27.97	-27.99	1060.0	5.30	NAVD88	34
292458094534206	-94.895	29.416	-27.32	mean	-27.32	-27.35	800.0	5.87	NAVD88	33
292458095441501	-95.738	29.416	-5.96	median	-5.96	-5.96	630.0	70.79	NAVD88	1
292459095451901	-95.756	29.417	7.91	mean	7.91	7.40	636.0	73.58	NAVD88	6
292500095451701	-95.755	29.417	3.32	mean	3.32	3.46	660.0	73.55	NAVD88	6
292508095141401	-95.237	29.419	-42.66	median	-42.66	-42.66	735.0	40.40	NAVD88	1
292516094560701	-94.936	29.421	-43.02	mean	-43.02	-42.59	656.0	5.00	NAVD88	12
292527095561701	-95.938	29.424	16.24	mean	16.24	16.19	403.0	95.20	NAVD88	6
292530095560701	-95.936	29.425	16.33	mean	16.33	16.48	240.0	94.98	NAVD88	4
292533095052101	-95.089	29.426	-46.52	mean	-46.52	-47.44	1212.0	15.30	NAVD88	11
292533095052701	-95.091	29.426	-44.36	median	-44.36	-44.36	770.0	18.77	NAVD88	1
292534095044501	-95.079	29.426	-44.59	median	-44.59	-44.59	810.0	21.27	NAVD88	2
292535095151802	-95.255	29.427	-47.29	median	-47.29	-47.29	685.0	42.44	NAVD88	1
292542095082301	-95.140	29.429	-45.22	mean	-45.22	-45.03	677.0	20.55	NAVD88	71
292548094565601	-94.949	29.430	-42.98	mean	-42.98	-42.56	692.0	4.98	NAVD88	12
292603095571401	-95.954	29.434	15.82	mean	15.82	16.59	591.0	95.13	NAVD88	4
292605095571301	-95.954	29.435	17.14	median	17.12	17.14	590.0	94.92	NAVD88	3
292611095012901	-95.025	29.437	-30.91	mean	-30.91	-30.95	700.0	17.85	NAVD88	11
292611095563901	-95.944	29.437	16.26	median	15.50	16.26	623.0	97.69	NAVD88	3
292617095065501	-95.116	29.438	-45.82	mean	-45.82	-45.26	736.0	18.93	NAVD88	5
292617095561201	-95.937	29.438	16.12	mean	16.12	16.04	376.0	96.52	NAVD88	6
292619095060601	-95.102	29.439	-46.05	median	-46.05	-46.05	750.0	16.77	NAVD88	2
292647095014901	-95.031	29.447	-32.00	mean	-32.00	-32.17	480.0	16.02	NAVD88	9
292724095045401	-95.082	29.457	-42.20	median	-42.20	-42.20	544.0	11.86	NAVD88	1
292832095211201	-95.354	29.476	-21.83	median	-21.83	-21.83	570.0	53.57	NAVD88	1
292838095375401	-95.632	29.477	-15.42	median	-15.42	-15.42	851.0	70.27	NAVD88	1
292841094584901	-94.984	29.481	-50.10	mean	-50.10	-49.22	660.0	10.71	NAVD88	16
292848094590001	-94.981	29.478	-52.81	mean	-52.81	-52.88	651.0	10.42	NAVD88	13
292852095210601	-95.352	29.481	13.71	median	13.71	13.71	202.0	56.24	NAVD88	1
292853095381301	-95.637	29.482	-7.58	mean	-7.58	-7.66	803.0	71.30	NAVD88	8
292859095380501	-95.635	29.483	-9.68	mean	-9.68	-10.11	853.0	67.91	NAVD88	8
292900094585501	-94.983	29.483	-51.01	mean	-51.01	-50.17	664.0	12.66	NAVD88	16
292903095375501	-95.632	29.484	-7.22	mean	-7.22	-7.33	702.0	72.84	NAVD88	8
292913094584301	-94.979	29.487	-50.87	mean	-50.87	-50.07	666.0	11.49	NAVD88	17
292916095563601	-95.944	29.488	11.83	median	11.83	11.83	1061.0	101.15	NAVD88	1
292927095195801	-95.333	29.491	-17.91	mean	-17.91	-18.14	480.0	55.98	NAVD88	9
292933094544002	-94.911	29.493	-9.55	mean	-9.55	-9.56	200.0	10.02	NAVD88	9
292935094583301	-94.978	29.492	-55.21	mean	-55.21	-54.41	670.0	11.47	NAVD88	7
292935095144601	-95.246	29.493	-38.44	median	-38.44	-38.44	386.0	38.01	NAVD88	1
292941094563001	-94.942	29.495	-51.21	median	-51.21	-51.21	670.0	9.81	NAVD88	1
293004095054601	-95.096	29.501	-56.17	median	-56.17	-56.17	760.0	19.81	NAVD88	1
293005095151801	-95.255	29.515	-48.10	mean	-48.10	-48.81	591.0	40.74	NAVD88	5
293008095330601	-95.552	29.503	-3.10	median	-3.02	-3.10	420.0	56.86	NAVD88	6
293023095273101	-95.459	29.507	-6.73	mean	-6.73	-7.01	459.0	63.84	NAVD88	10
293032095064301	-95.112	29.509	-55.18	mean	-55.18	-56.12	600.0	9.75	NAVD88	9
293034095150301	-95.251	29.510	-30.67	median	-30.67	-30.67	346.0	41.06	NAVD88	1
293039095053201	-95.093	29.511	-53.69	mean	-53.69	-53.91	560.0	15.43	NAVD88	13
293116095323101	-95.542	29.521	-17.05	median	-17.05	-17.05	560.0	54.99	NAVD88	1
293148095060801	-95.103	29.530	-65.61	mean	-65.61	-65.92	636.0	11.35	NAVD88	6
293156094515501	-94.866	29.532	-31.26	mean	-31.26	-31.29	683.0	0.00	NAVD88	5
293200095175201	-95.298	29.534	-32.18	median	-32.18	-32.18	318.0	46.20	NAVD88	1
293202095070301	-95.118	29.533	-61.18	mean	-61.18	-62.78	645.0	20.65	NAVD88	6
293207095061501	-95.104	29.535	-61.07	mean	-61.07	-62.51	664.0	18.37	NAVD88	11
293222095020301	-95.034	29.540	-55.63	mean	-55.63	-55.06	590.0	6.86	NAVD88	6
293228095282501	-95.474	29.541	-7.32	median	-7.32	-7.32	588.0	71.38	NAVD88	1
293229095352301	-95.590	29.542	-1.66	median	-1.66	-1.66	239.0	59.63	NAVD88	1
293229095352801	-95.591	29.542	-0.91	median	-0.91	-0.91	247.0	65.05	NAVD88	1
293304095344901	-95.581	29.551	-21.36	mean	-21.36	-21.91	448.0	66.12	NAVD88	11
293306095054101	-95.096	29.552	-49.27	mean	-49.27	-49.80	770.0	19.65	NAVD88	72
293308095395101	-95.664	29.552	-21.30	median	-21.30	-21.30	322.0	71.30	NAVD88	1
293311095200201	-95.334	29.553	-32.34	median	-32.34	-32.34	445.0	50.69	NAVD88	1
293312095071501	-95.121	29.554	-59.70	mean	-59.70	-60.20	660.0	20.16	NAVD88	6
293315095063401	-95.110	29.554	-60.68	mean	-60.68	-61.45	657.0	17.79	NAVD88	7
293316095563801	-95.944	29.555	13.08	median	13.08	13.08	793.0	115.20	NAVD88	1
293319095194901	-95.331	29.556	-28.41	median	-28.41	-28.41	320.0	51.37	NAVD88	1
293321095550901	-95.922	29.561	12.29	median	12.29	12.29	770.0	110.65	NAVD88	1
293342095333601	-95.560	29.561	-86.74	median	-86.74	-86.74	1074.0	70.18	NAVD88	1
293344095082301	-95.140	29.563	-57.70	mean	-57.70	-58.44	635.0	32.37	NAVD88	7
293352095011601	-95.021	29.565	-49.85	mean	-49.85	-50.03	1381.0	8.28	NAVD88	33
293352095011602	-95.021	29.565	-50.46	mean	-50.46	-50.60	1381.0	8.05	NAVD88	33
293352095011603	-95.021	29.565	-51.24	mean	-51.24	-50.71	1308.0	8.05	NAVD88	31
293352095011605	-95.021	29.565	-23.87	mean	-23.87	-23.86	300.0	8.05	NAVD88	31
293352095011606	-95.021	29.565	-59.05	mean	-59.05	-59.18	920.0	8.05	NAVD88	31
293353095011501	-95.021	29.565	-69.64	mean	-69.64	-69.74	543.0	9.03	NAVD88	9
293400095072601	-95.124	29.567	-62.49	mean	-62.49	-63.31	635.0	23.80	NAVD88	6
293402095054401	-95.096	29.567	-69.20	mean	-69.20	-69.57	600.0	17.87	NAVD88	50
293406095185401	-95.315	29.569	-28.12	median	-28.12	-28.12	299.0	49.28	NAVD88	1
293414095544501	-95.913	29.571	11.07	median	11.07	11.07	805.0	113.71	NAVD88	1
293416095170701	-95.286	29.572	-44.86	mean	-44.86	-44.49	1300.0	46.07	NAVD88	18
293416095221001	-95.370	29.571	-27.46	median	-27.46	-27.46	291.0	54.41	NAVD88	1
293424095031001	-95.053	29.574	-63.35	median	-63.35	-63.35	624.0	11.64	NAVD88	2
293425095590501	-95.985	29.574	14.71	median	14.71	14.71	937.0	117.46	NAVD88	1
293434095311501	-95.521	29.576	-40.85	median	-40.85	-40.85	1308.0	76.21	NAVD88	1
293443095014601	-95.030	29.579	-63.03	mean	-63.03	-62.97	665.0	14.87	NAVD88	5
293446095033901	-95.061	29.580	-65.59	mean	-65.59	-65.53	660.0	15.15	NAVD88	7
293450095165501	-95.282	29.581	-60.48	median	-60.48	-60.48	1062.0	46.90	NAVD88	1
293450095263001	-95.442	29.581	-20.34	median	-20.34	-20.34	365.0	62.38	NAVD88	1
293455095255602	-95.433	29.582	-49.33	median	-49.33	-49.33	596.0	60.87	NAVD88	1
293458095321001	-95.536	29.583	-34.66	median	-34.66	-34.66	1077.0	75.19	NAVD88	1
293503095135501	-95.232	29.584	-61.55	median	-61.55	-61.55	1162.0	36.46	NAVD88	1
293514095330201	-95.551	29.587	-40.43	median	-40.43	-40.43	1130.0	69.58	NAVD88	1
293523094594601	-94.996	29.590	-65.21	median	-65.21	-65.21	576.0	11.66	NAVD88	1
293528095140301	-95.234	29.591	-69.52	median	-69.52	-69.52	1403.0	36.73	NAVD88	1
293531095121401	-95.204	29.592	-70.67	median	-70.67	-70.67	1075.0	31.04	NAVD88	1
293539095051601	-95.088	29.594	-67.84	median	-67.84	-67.84	601.0	7.85	NAVD88	1
293541095374801	-95.630	29.595	-3.21	median	-3.21	-3.21	302.0	70.66	NAVD88	1
293543095134201	-95.229	29.596	-52.89	median	-52.89	-52.89	1135.0	32.39	NAVD88	1
293546095101501	-95.171	29.596	-56.92	median	-56.92	-56.92	558.0	28.39	NAVD88	1
293553095544801	-95.914	29.598	19.02	mean	19.02	19.14	435.0	112.60	NAVD88	5
293600094592702	-94.991	29.600	-67.59	median	-67.59	-67.59	612.0	12.98	NAVD88	1
293600095275901	-95.467	29.600	-48.65	mean	-48.65	-48.34	910.0	61.25	NAVD88	6
293604095554101	-95.928	29.601	19.80	median	20.00	19.80	280.0	111.25	NAVD88	3
293611095271902	-95.456	29.603	-58.37	median	-58.37	-58.37	1230.0	61.72	NAVD88	1
293612095405401	-95.682	29.604	-1.62	median	-1.62	-1.62	329.0	78.76	NAVD88	1
293617095292201	-95.490	29.605	-19.60	mean	-19.60	-19.33	820.0	67.98	NAVD88	5
293628095312801	-95.524	29.607	-43.61	median	-43.61	-43.61	1256.0	72.32	NAVD88	1
293636095133801	-95.228	29.610	-89.56	mean	-89.56	-89.70	1210.0	37.49	NAVD88	9
293638095164801	-95.280	29.611	-67.04	mean	-67.04	-67.20	1245.0	43.00	NAVD88	12
293638095355801	-95.600	29.611	-29.74	median	-29.74	-29.74	995.0	72.08	NAVD88	1
293641095545001	-95.914	29.612	20.09	mean	20.09	19.91	438.0	114.91	NAVD88	6
293643095355901	-95.600	29.612	-23.80	median	-23.80	-23.80	900.0	71.22	NAVD88	1
293644095045501	-95.082	29.613	-74.48	mean	-74.48	-74.71	618.0	13.50	NAVD88	4
293644095303301	-95.509	29.613	-17.24	median	-17.24	-17.24	504.0	69.38	NAVD88	1
293648095394601	-95.663	29.614	-3.93	median	-3.93	-3.93	407.0	76.31	NAVD88	1
293709095024801	-95.047	29.619	-70.97	median	-70.97	-70.97	650.0	10.05	NAVD88	1
293709095024802	-95.047	29.619	-66.94	median	-66.94	-66.94	950.0	10.05	NAVD88	1
293717095240501	-95.402	29.622	-53.82	mean	-53.82	-53.85	769.0	50.26	NAVD88	21
293717095380501	-95.638	29.622	-41.21	mean	-41.21	-41.83	1565.0	81.05	NAVD88	10
293717095380801	-95.636	29.622	-22.69	mean	-22.69	-22.65	726.0	78.94	NAVD88	8
293719095381601	-95.637	29.622	-20.10	mean	-20.10	-20.20	876.0	81.35	NAVD88	10
293724095115901	-95.200	29.624	-71.77	mean	-71.77	-71.83	832.0	40.47	NAVD88	21
293725095282802	-95.475	29.624	-55.66	mean	-55.66	-55.38	1270.0	57.01	NAVD88	6
293729095311601	-95.521	29.625	-45.92	median	-45.92	-45.92	1200.0	68.71	NAVD88	2
293732095044101	-95.078	29.626	-70.43	median	-73.94	-70.43	587.0	7.81	NAVD88	3
293732095300601	-95.502	29.626	-51.97	median	-51.97	-51.97	1200.0	66.00	NAVD88	1
293733095303701	-95.511	29.626	-49.06	median	-49.06	-49.06	1200.0	68.74	NAVD88	2
293734095293701	-95.494	29.626	-52.10	mean	-52.10	-51.98	1204.0	62.89	NAVD88	4
293736095285301	-95.482	29.627	-54.11	mean	-54.11	-53.98	1190.0	58.42	NAVD88	4
293736095365501	-95.617	29.629	-48.73	median	-48.73	-48.73	1665.0	81.80	NAVD88	1
293738095260501	-95.435	29.628	-53.88	mean	-53.88	-53.66	960.0	53.85	NAVD88	17
293738095260502	-95.435	29.628	-54.92	median	-54.92	-54.92	1375.0	53.85	NAVD88	1
293741095010101	-95.017	29.628	-68.17	median	-68.17	-68.17	950.0	10.11	NAVD88	1
293831095270901	-95.453	29.642	-66.20	mean	-66.20	-66.47	1436.0	60.59	NAVD88	15
293832095352001	-95.589	29.642	-32.17	median	-32.17	-32.17	1625.0	81.21	NAVD88	1
293847095330601	-95.552	29.647	-39.45	median	-39.45	-39.45	880.0	72.75	NAVD88	1
293849095270701	-95.452	29.647	-74.33	mean	-74.33	-74.88	1267.0	61.96	NAVD88	16
293852095242602	-95.407	29.648	-6.52	median	-6.52	-6.52	455.0	58.98	NAVD88	1
293853095243002	-95.409	29.648	-6.54	median	-6.54	-6.54	455.0	58.91	NAVD88	1
293854095270701	-95.452	29.649	-78.76	mean	-78.76	-79.79	1972.0	61.61	NAVD88	15
293903095270601	-95.452	29.651	-60.39	mean	-60.39	-60.86	1017.0	63.01	NAVD88	22
293906095171801	-95.289	29.652	-89.21	mean	-89.21	-91.92	1870.0	42.17	NAVD88	5
293909095012201	-95.023	29.653	-75.87	mean	-75.87	-76.03	578.0	14.58	NAVD88	10
293911095345601	-95.582	29.653	-30.11	median	-30.11	-30.11	1040.0	80.87	NAVD88	1
293913095355001	-95.597	29.654	-38.00	median	-38.00	-38.00	1035.0	82.42	NAVD88	1
293917095191301	-95.321	29.655	-73.35	mean	-73.35	-73.37	890.0	36.12	NAVD88	19
293922095185501	-95.316	29.656	-84.77	mean	-84.77	-87.15	1840.0	33.76	NAVD88	5
293938095351001	-95.586	29.661	-34.50	median	-34.50	-34.50	1102.0	79.70	NAVD88	1
293939095190201	-95.317	29.661	-86.55	mean	-86.55	-89.40	1810.0	38.94	NAVD88	6
293942095283101	-95.474	29.662	-68.98	mean	-68.98	-69.14	1735.0	58.12	NAVD88	6
293942095283201	-95.476	29.662	-21.18	mean	-21.18	-21.36	271.0	58.57	NAVD88	11
293946094532701	-94.891	29.663	-45.52	mean	-45.52	-46.04	709.0	23.03	NAVD88	8
293946095441701	-95.738	29.663	4.34	mean	4.34	4.15	528.0	98.79	NAVD88	5
293949095024301	-95.046	29.664	-82.29	median	-82.29	-82.29	585.0	19.54	NAVD88	1
293949095321201	-95.537	29.664	-48.94	mean	-48.94	-48.94	955.0	67.49	NAVD88	11
293957095294901	-95.497	29.666	-60.54	mean	-60.54	-59.58	1780.0	57.91	NAVD88	6
293958095221401	-95.371	29.666	-92.78	median	-85.61	-92.78	1225.0	45.12	NAVD88	3
293959095380401	-95.635	29.667	-26.88	median	-26.88	-26.88	902.0	87.30	NAVD88	1
294004095275801	-95.466	29.668	-60.37	mean	-60.37	-62.42	1198.0	53.74	NAVD88	5
294026095362001	-95.606	29.674	-35.00	median	-35.00	-35.00	1000.0	84.11	NAVD88	1
294027095045601	-95.082	29.674	-78.77	median	-78.77	-78.77	420.0	25.90	NAVD88	1
294027095050301	-95.084	29.674	-78.33	median	-78.33	-78.33	415.0	27.33	NAVD88	1
294027095265501	-95.449	29.674	-57.99	mean	-57.99	-57.95	810.0	53.62	NAVD88	20
294028095305701	-95.516	29.675	-48.62	mean	-48.62	-49.05	716.0	61.86	NAVD88	21
294029095354301	-95.596	29.675	-44.12	median	-44.12	-44.12	1195.0	82.68	NAVD88	1
294031095305701	-95.516	29.676	-65.67	mean	-65.67	-64.68	1335.0	59.83	NAVD88	12
294044095280501	-95.468	29.680	-72.32	mean	-72.32	-71.32	1790.0	47.93	NAVD88	5
294044095301001	-95.503	29.679	-65.56	mean	-65.56	-65.30	1770.0	57.15	NAVD88	6
294045095583701	-95.977	29.679	15.12	mean	15.12	15.04	1100.0	115.29	NAVD88	10
294047095345601	-95.582	29.680	-51.39	median	-51.39	-51.39	960.0	80.24	NAVD88	1
294054095054201	-95.095	29.682	-95.43	median	-95.43	-95.43	1289.0	28.16	NAVD88	1
294059095044401	-95.079	29.683	-79.12	median	-79.12	-79.12	437.0	24.79	NAVD88	1
294059095271001	-95.453	29.683	-77.05	mean	-77.05	-75.46	1870.0	47.73	NAVD88	5
294104095295303	-95.498	29.668	-70.00	mean	-70.00	-68.97	1745.0	59.75	NAVD88	5
294105095070001	-95.117	29.685	-100.64	mean	-100.64	-101.87	1130.0	28.71	NAVD88	6
294106095171201	-95.287	29.685	-87.82	mean	-87.82	-88.16	876.0	33.70	NAVD88	20
294106095455401	-95.765	29.685	5.67	mean	5.67	5.28	520.0	103.26	NAVD88	6
294107095262401	-95.440	29.686	-76.34	mean	-76.34	-75.68	1860.0	48.88	NAVD88	5
294108095044101	-95.078	29.686	-79.01	median	-79.01	-79.01	435.0	25.13	NAVD88	1
294117095162301	-95.273	29.688	-101.17	mean	-101.17	-102.96	1770.0	20.41	NAVD88	11
294126095154901	-95.264	29.691	-112.56	mean	-112.56	-112.82	2095.0	-0.41	NAVD88	18
294127095220501	-95.368	29.691	-84.11	mean	-84.11	-83.90	1960.0	44.81	NAVD88	5
294131095360701	-95.602	29.692	-39.38	mean	-39.38	-39.77	1650.0	80.50	NAVD88	5
294136095024601	-95.046	29.694	-85.97	median	-85.97	-85.97	598.0	23.68	NAVD88	1
294144095351001	-95.586	29.696	-44.65	mean	-44.65	-44.43	1565.0	73.39	NAVD88	6
294146095020501	-95.035	29.696	-87.85	mean	-87.85	-88.58	517.0	24.34	NAVD88	13
294147095344301	-95.579	29.696	-47.94	mean	-47.94	-49.31	1644.0	71.37	NAVD88	6
294149095363001	-95.609	29.697	-43.18	mean	-43.18	-43.70	1593.0	81.05	NAVD88	4
294155095051401	-95.088	29.699	-83.35	mean	-83.35	-83.63	505.0	32.09	NAVD88	13
294158095024701	-95.047	29.700	-89.61	mean	-89.61	-91.64	591.0	25.09	NAVD88	13
294159095024601	-95.046	29.700	-85.92	median	-85.92	-85.92	567.0	23.83	NAVD88	1
294201095355601	-95.599	29.701	-42.26	median	-39.20	-42.26	1621.0	78.33	NAVD88	6
294206095162601	-95.274	29.702	-101.46	mean	-101.46	-103.71	995.0	31.09	NAVD88	31
294207095022001	-95.039	29.702	-79.69	mean	-79.69	-80.22	989.0	24.43	NAVD88	5
294208095280501	-95.468	29.703	-89.48	mean	-89.48	-89.82	1582.0	54.27	NAVD88	13
294208095280701	-95.469	29.703	-64.62	mean	-64.62	-64.34	712.0	54.85	NAVD88	16
294213095322001	-95.539	29.704	-60.15	mean	-60.15	-59.41	1510.0	67.89	NAVD88	5
294215095301501	-95.504	29.704	-71.43	mean	-71.43	-71.56	1539.0	64.25	NAVD88	7
294216095301601	-95.505	29.705	-68.92	mean	-68.92	-69.77	972.0	63.81	NAVD88	20
294216095321501	-95.539	29.705	-58.75	mean	-58.75	-58.96	1000.0	70.14	NAVD88	17
294216095533001	-95.892	29.705	4.18	median	4.18	4.18	842.0	141.47	NAVD88	1
294219095054001	-95.095	29.706	-86.16	median	-86.16	-86.16	510.0	26.05	NAVD88	1
294230095232201	-95.390	29.709	-87.84	mean	-87.84	-87.74	1822.0	39.11	NAVD88	5
294237095093202	-95.159	29.711	-35.83	mean	-35.83	-35.68	390.0	27.78	NAVD88	7
294243095044201	-95.079	29.712	-110.67	median	-110.67	-110.67	958.0	28.01	NAVD88	1
294244095064201	-95.112	29.712	-120.66	median	-120.66	-120.66	1350.0	22.76	NAVD88	1
294245095035801	-95.066	29.713	-85.50	median	-85.50	-85.50	610.0	19.18	NAVD88	1
294245095233501	-95.393	29.713	-92.50	median	-92.50	-92.50	1777.0	45.14	NAVD88	2
294251095225701	-95.383	29.714	-88.54	mean	-88.54	-88.83	1670.0	42.16	NAVD88	6
294253095352701	-95.591	29.715	-57.62	mean	-57.62	-58.67	1188.0	73.76	NAVD88	72
294258095064401	-95.112	29.716	-111.14	median	-111.14	-111.14	1350.0	22.49	NAVD88	1
294258095372501	-95.624	29.716	-20.01	mean	-20.01	-20.57	470.0	78.99	NAVD88	10
294258095483601	-95.810	29.716	2.97	median	2.97	2.97	760.0	118.59	NAVD88	1
294302095070001	-95.117	29.718	-123.81	median	-123.81	-123.81	1425.0	12.60	NAVD88	1
294302095234301	-95.396	29.718	-91.26	mean	-91.26	-90.81	1955.0	45.14	NAVD88	5
294302095411801	-95.688	29.718	-2.81	median	-2.64	-2.81	640.0	92.43	NAVD88	6
294303095152603	-95.257	29.718	-42.73	median	-42.73	-42.73	294.0	24.17	NAVD88	1
294311095071401	-95.121	29.720	-123.16	median	-123.16	-123.16	855.0	20.70	NAVD88	2
294315095133201	-95.226	29.721	-109.85	mean	-109.85	-107.87	940.0	20.54	NAVD88	6
294315095133202	-95.226	29.721	-49.96	mean	-49.96	-49.95	319.0	20.54	NAVD88	16
294317095313001	-95.524	29.722	-74.88	mean	-74.88	-75.09	1612.0	68.02	NAVD88	6
294318095344501	-95.576	29.726	-22.36	median	-20.99	-22.36	699.0	76.81	NAVD88	8
294319095160301	-95.268	29.722	-114.80	median	-114.80	-114.80	1104.0	31.67	NAVD88	1
294319095305901	-95.517	29.722	-63.69	mean	-63.69	-61.82	1469.0	66.58	NAVD88	6
294321095302201	-95.506	29.723	-75.99	mean	-75.99	-76.89	1462.0	63.06	NAVD88	6
294322095041701	-95.072	29.723	-87.52	mean	-87.52	-88.20	542.0	26.48	NAVD88	30
294323095300101	-95.501	29.723	-83.42	mean	-83.42	-83.69	1380.0	65.03	NAVD88	4
294326095133901	-95.228	29.724	-111.52	mean	-111.52	-111.00	809.0	13.42	NAVD88	16
294326095293002	-95.492	29.724	-83.32	median	-83.32	-83.32	1397.0	64.21	NAVD88	1
294326095321001	-95.536	29.724	-77.46	median	-77.46	-77.46	1535.0	69.14	NAVD88	1
294326095371601	-95.621	29.724	-47.76	median	-47.76	-47.76	1288.0	78.95	NAVD88	1
294328095290401	-95.485	29.725	-79.54	mean	-79.54	-79.38	1515.0	61.57	NAVD88	6
294331095282801	-95.475	29.726	-80.76	median	-86.75	-80.76	1508.0	57.48	NAVD88	3
294333095275601	-95.466	29.726	-79.48	median	-79.48	-79.48	1520.0	57.62	NAVD88	2
294333095275602	-95.466	29.726	-93.74	median	-93.74	-93.74	1510.0	57.62	NAVD88	1
294334095032901	-95.058	29.727	-85.38	mean	-85.38	-85.87	510.0	11.99	NAVD88	26
294334095055801	-95.100	29.726	-122.30	median	-122.30	-122.30	1590.0	20.50	NAVD88	1
294334095075001	-95.131	29.726	-86.27	median	-86.46	-86.27	510.0	23.71	NAVD88	3
294335095273301	-95.459	29.727	-87.82	mean	-87.82	-89.72	2015.0	56.29	NAVD88	8
294335095490401	-95.818	29.727	8.90	mean	8.90	8.79	536.0	127.51	NAVD88	6
294336095064301	-95.112	29.727	-121.96	mean	-121.96	-122.33	1450.0	20.39	NAVD88	16
294336095082101	-95.139	29.727	-109.89	median	-108.13	-109.89	913.0	29.53	NAVD88	3
294338095270401	-95.451	29.727	-69.11	mean	-69.11	-68.74	1051.0	55.93	NAVD88	6
294340095311101	-95.520	29.728	-65.75	mean	-65.75	-66.43	892.0	68.07	NAVD88	13
294340095311103	-95.520	29.728	-79.65	median	-79.65	-79.65	1432.0	68.07	NAVD88	1
294341095063901	-95.111	29.728	-89.66	mean	-89.66	-89.82	501.0	21.25	NAVD88	28
294342095034601	-95.063	29.729	-85.70	mean	-85.70	-86.20	560.0	21.93	NAVD88	21
294343095210001	-95.350	29.729	-96.53	mean	-96.53	-96.25	1725.0	40.52	NAVD88	5
294348095131801	-95.222	29.730	-112.31	mean	-112.31	-112.30	1410.0	12.75	NAVD88	21
294348095270401	-95.451	29.730	-85.67	mean	-85.67	-85.51	1965.0	56.16	NAVD88	4
294348095303702	-95.511	29.728	-75.19	mean	-75.19	-75.06	1335.0	64.81	NAVD88	5
294349095054201	-95.095	29.731	-90.94	median	-90.94	-90.94	530.0	21.66	NAVD88	1
294349095054601	-95.096	29.731	-91.17	median	-91.17	-91.17	530.0	20.89	NAVD88	1
294349095072901	-95.125	29.731	-86.14	median	-85.21	-86.14	530.0	24.12	NAVD88	3
294350095505401	-95.849	29.731	1.61	median	1.61	1.61	914.0	137.18	NAVD88	1
294351095130401	-95.218	29.731	-57.03	mean	-57.03	-57.16	802.0	17.39	NAVD88	13
294353095063901	-95.110	29.732	-118.80	mean	-118.80	-118.70	1230.0	21.10	NAVD88	24
294355095380701	-95.636	29.732	-30.89	median	-30.89	-30.89	1066.0	82.37	NAVD88	1
294358095063801	-95.111	29.733	-91.27	mean	-91.27	-91.24	502.0	19.67	NAVD88	22
294400095505301	-95.848	29.734	11.46	mean	11.46	11.71	628.0	139.41	NAVD88	6
294400095510801	-95.853	29.734	11.51	mean	11.51	11.29	818.0	140.98	NAVD88	6
294403095141801	-95.239	29.734	-114.91	mean	-114.91	-115.21	1201.0	27.36	NAVD88	6
294405095051501	-95.088	29.735	-117.31	median	-117.31	-117.31	1460.0	22.57	NAVD88	1
294407095403701	-95.688	29.718	-4.26	median	-4.32	-4.26	471.0	93.37	NAVD88	5
294410095053101	-95.092	29.736	-116.87	median	-116.87	-116.87	1135.0	22.00	NAVD88	1
294410095322001	-95.539	29.736	-61.54	mean	-61.54	-61.86	908.0	69.37	NAVD88	18
294414095364201	-95.612	29.738	-54.90	median	-54.90	-54.90	1300.0	79.77	NAVD88	1
294415095165301	-95.282	29.738	-92.25	mean	-92.25	-92.59	900.0	15.02	NAVD88	18
294418095550901	-95.919	29.739	13.12	median	13.12	13.12	583.0	157.33	NAVD88	1
294422094575101	-94.964	29.740	-68.84	median	-68.84	-68.84	467.0	30.81	NAVD88	1
294424095100401	-95.168	29.740	-120.02	mean	-120.02	-120.66	1740.0	8.29	NAVD88	60
294425095100801	-95.169	29.741	-80.32	mean	-80.32	-80.74	477.0	8.55	NAVD88	60
294425095101601	-95.171	29.741	-125.23	mean	-125.23	-125.31	1252.0	9.29	NAVD88	60
294433095044701	-95.080	29.743	-64.68	mean	-64.68	-64.69	256.0	18.40	NAVD88	28
294433095550801	-95.919	29.743	18.70	mean	18.70	18.54	335.0	158.38	NAVD88	6
294439095334701	-95.563	29.744	-29.56	mean	-29.56	-29.52	465.0	74.69	NAVD88	21
294439095334702	-95.563	29.744	-53.05	median	-53.86	-53.05	1300.0	74.69	NAVD88	3
294440095341801	-95.572	29.745	-65.11	mean	-65.11	-65.07	1312.0	74.52	NAVD88	7
294445095141101	-95.237	29.746	-110.37	mean	-110.37	-110.28	1350.0	27.39	NAVD88	6
294450095550301	-95.918	29.747	17.84	mean	17.84	17.63	330.0	158.16	NAVD88	6
294452095354501	-95.596	29.748	-60.65	median	-60.65	-60.65	1450.0	78.37	NAVD88	1
294455095454102	-95.762	29.749	1.01	median	1.01	1.01	605.0	118.27	NAVD88	1
294458095044601	-95.080	29.750	-79.22	mean	-79.22	-79.11	521.0	21.80	NAVD88	11
294458095095101	-95.164	29.750	-109.84	mean	-109.84	-110.08	675.0	11.67	NAVD88	17
294459095343801	-95.578	29.750	-60.91	median	-60.91	-60.91	1356.0	76.53	NAVD88	1
294500095073401	-95.127	29.751	-112.58	median	-112.58	-112.58	1230.0	23.38	NAVD88	2
294504094553601	-94.925	29.751	-38.84	mean	-38.84	-38.83	402.0	17.96	NAVD88	22
294511095321401	-95.537	29.752	-41.33	mean	-41.33	-41.38	493.0	43.89	NAVD88	19
294514095515501	-95.866	29.754	11.94	mean	11.94	11.74	346.0	146.65	NAVD88	6
294517095084101	-95.145	29.755	-111.47	mean	-111.47	-112.34	1140.0	23.62	NAVD88	11
294518095254801	-95.430	29.755	-72.44	mean	-72.44	-72.64	1227.0	49.81	NAVD88	16
294518095392901	-95.658	29.755	-6.51	median	-6.52	-6.51	678.0	92.81	NAVD88	6
294518095393401	-95.660	29.755	-5.93	median	-5.58	-5.93	583.0	92.81	NAVD88	6
294521094545901	-94.916	29.756	-40.13	mean	-40.13	-40.36	409.0	16.13	NAVD88	20
294523094544401	-94.912	29.756	-38.84	mean	-38.84	-38.94	403.0	17.94	NAVD88	21
294527095014901	-95.031	29.758	-77.74	mean	-77.74	-78.13	512.0	24.12	NAVD88	53
294527095014904	-95.031	29.758	-52.36	mean	-52.36	-52.45	234.0	24.12	NAVD88	46
294527095014905	-95.031	29.758	-61.59	mean	-61.59	-61.73	324.0	24.12	NAVD88	46
294527095014910	-95.031	29.758	-76.01	mean	-76.01	-75.84	431.0	23.87	NAVD88	34
294527095014911	-95.031	29.758	-69.04	mean	-69.04	-68.75	1475.0	23.87	NAVD88	33
294527095014912	-95.031	29.758	-75.26	mean	-75.26	-75.16	1365.0	24.12	NAVD88	34
294535095461801	-95.772	29.760	4.60	median	4.73	4.60	720.0	122.91	NAVD88	5
294536095223201	-95.376	29.760	-67.18	mean	-67.18	-67.63	625.0	42.35	NAVD88	72
294537095225801	-95.383	29.761	-99.72	mean	-99.72	-100.33	1980.0	45.02	NAVD88	6
294537095360401	-95.601	29.761	-34.77	mean	-34.77	-34.27	895.0	68.45	NAVD88	13
294537095360402	-95.601	29.761	-52.81	mean	-52.81	-53.42	1225.0	68.45	NAVD88	12
294538095344601	-95.579	29.761	-21.25	mean	-21.25	-21.26	467.0	74.39	NAVD88	6
294541095232901	-95.392	29.762	-98.51	mean	-98.51	-97.83	1644.0	22.12	NAVD88	7
294541095523201	-95.876	29.762	13.47	mean	13.47	12.88	575.0	146.67	NAVD88	5
294542095010501	-95.018	29.762	-67.54	mean	-67.54	-68.51	1727.0	21.01	NAVD88	73
294545095223801	-95.377	29.763	-96.43	mean	-96.43	-96.70	2020.0	38.90	NAVD88	6
294545095292301	-95.490	29.763	-80.55	mean	-80.55	-81.38	1146.0	59.98	NAVD88	16
294548094510501	-94.852	29.764	-25.11	mean	-25.11	-25.15	443.0	29.13	NAVD88	7
294548095455101	-95.764	29.764	1.53	median	1.51	1.53	880.0	123.31	NAVD88	3
294548095461901	-95.772	29.764	5.52	median	5.59	5.52	400.0	124.99	NAVD88	6
294551095221001	-95.370	29.764	-97.19	mean	-97.19	-98.00	2035.0	27.37	NAVD88	6
294553095091701	-95.155	29.765	-99.80	mean	-99.80	-98.97	812.0	23.56	NAVD88	46
294558095344301	-95.579	29.766	-33.27	mean	-33.27	-33.45	767.0	66.24	NAVD88	15
294601095041901	-95.074	29.767	-68.49	mean	-68.49	-68.64	462.0	24.30	NAVD88	4
294601095225801	-95.383	29.767	-98.91	mean	-98.91	-100.06	1960.0	44.67	NAVD88	6
294602095092405	-95.157	29.767	-71.12	mean	-71.12	-70.98	310.0	24.21	NAVD88	32
294604095144801	-95.247	29.768	-100.98	mean	-100.98	-100.63	895.0	31.86	NAVD88	6
294605095383001	-95.642	29.768	-43.57	median	-43.57	-43.57	1305.0	80.45	NAVD88	1
294613095172601	-95.291	29.771	-81.40	mean	-81.40	-81.66	676.0	41.72	NAVD88	20
294619095142701	-95.242	29.773	-100.34	median	-100.80	-100.34	1007.0	29.41	NAVD88	3
294623095351301	-95.587	29.773	-30.02	mean	-30.02	-30.40	895.0	81.42	NAVD88	21
294623095351401	-95.588	29.773	-52.71	mean	-52.71	-54.71	1310.0	81.81	NAVD88	21
294633095454101	-95.762	29.776	-4.83	median	-4.83	-4.83	1070.0	126.42	NAVD88	1
294637094592501	-94.990	29.777	-51.08	median	-51.08	-51.08	515.0	25.39	NAVD88	2
294642095114901	-95.197	29.779	-97.22	mean	-97.22	-97.07	852.0	23.56	NAVD88	16
294642095371001	-95.620	29.779	-51.78	mean	-51.78	-51.80	1210.0	79.89	NAVD88	13
294645095104401	-95.179	29.779	-103.64	mean	-103.64	-104.22	1220.0	26.09	NAVD88	6
294648095013801	-95.028	29.780	-73.07	median	-73.07	-73.07	487.0	27.30	NAVD88	1
294652094593901	-94.994	29.781	-38.55	median	-38.55	-38.55	303.0	25.66	NAVD88	1
294659095375802	-95.633	29.783	-20.16	median	-20.16	-20.16	716.0	84.97	NAVD88	1
294702095364001	-95.611	29.784	-55.17	mean	-55.17	-55.02	1010.0	84.31	NAVD88	11
294704095462001	-95.772	29.785	6.62	median	6.65	6.62	808.0	133.88	NAVD88	6
294705094545901	-94.917	29.785	-21.12	median	-21.12	-21.12	340.0	17.58	NAVD88	1
294707095372201	-95.624	29.786	-45.68	median	-44.48	-45.68	1670.0	60.64	NAVD88	7
294708094582501	-94.974	29.786	-44.84	median	-44.84	-44.84	325.0	30.34	NAVD88	1
294708094582701	-94.974	29.786	-37.79	median	-37.79	-37.79	335.0	30.10	NAVD88	1
294708095363201	-95.609	29.786	-47.31	median	-46.55	-47.31	1140.0	82.93	NAVD88	6
294712095401301	-95.671	29.787	-30.45	median	-30.45	-30.45	1394.0	97.78	NAVD88	1
294714094382001	-94.639	29.788	-3.19	mean	-3.19	-3.23	350.0	20.00	NAVD88	9
294720095365301	-95.615	29.790	-39.51	median	-40.07	-39.51	1682.0	91.34	NAVD88	9
294721094575101	-94.964	29.789	-41.62	median	-41.62	-41.62	345.0	33.74	NAVD88	1
294721095283201	-95.476	29.789	-75.15	mean	-75.15	-75.23	1665.0	65.78	NAVD88	7
294721095361001	-95.603	29.789	-39.05	median	-43.30	-39.05	1135.0	84.34	NAVD88	7
294722095165901	-95.283	29.790	-88.76	mean	-88.76	-89.28	897.0	37.81	NAVD88	14
294724095351401	-95.587	29.790	-58.54	median	-55.08	-58.54	1575.0	90.91	NAVD88	7
294726095351102	-95.586	29.791	-53.50	mean	-53.50	-53.16	1802.0	91.06	NAVD88	24
294732095023501	-95.043	29.793	-62.12	mean	-62.12	-62.23	468.0	30.46	NAVD88	14
294732095103401	-95.177	29.794	-96.10	mean	-96.10	-95.88	1198.0	29.72	NAVD88	6
294735095023401	-95.043	29.793	-61.05	mean	-61.05	-61.46	464.0	34.24	NAVD88	13
294738094553501	-94.927	29.794	-37.89	median	-37.89	-37.89	360.0	24.77	NAVD88	1
294742095160101	-95.267	29.795	-87.09	mean	-87.09	-87.30	934.0	34.59	NAVD88	67
294745095201001	-95.336	29.796	-99.62	mean	-99.62	-102.64	1993.0	47.31	NAVD88	7
294745095331101	-95.553	29.796	-34.38	mean	-34.38	-34.03	643.0	90.29	NAVD88	19
294747095444701	-95.747	29.797	-31.63	median	-31.63	-31.63	1210.0	125.97	NAVD88	1
294803095105701	-95.183	29.801	-95.20	mean	-95.20	-95.41	1160.0	31.65	NAVD88	5
294808095485401	-95.820	29.802	-14.26	median	-14.26	-14.26	710.0	146.00	NAVD88	1
294811095241901	-95.406	29.803	-82.44	mean	-82.44	-83.25	1039.0	62.63	NAVD88	6
294815095201701	-95.338	29.805	-106.25	mean	-106.25	-107.58	2080.0	44.96	NAVD88	7
294816095242501	-95.407	29.805	-88.12	median	-92.08	-88.12	1890.0	61.73	NAVD88	3
294824094575501	-94.966	29.807	-39.92	median	-39.92	-39.92	380.0	36.23	NAVD88	1
294825095015601	-95.032	29.807	-54.72	median	-54.72	-54.72	489.0	32.84	NAVD88	1
294844095200901	-95.336	29.812	-105.19	median	-105.19	-105.19	1980.0	47.42	NAVD88	2
294849095022801	-95.041	29.814	-56.69	median	-56.69	-56.69	480.0	35.12	NAVD88	1
294855095542001	-95.906	29.816	18.79	mean	18.79	18.70	653.0	164.89	NAVD88	6
294855095553701	-95.927	29.816	18.73	mean	18.73	18.45	842.0	167.31	NAVD88	5
294858095365301	-95.615	29.816	-2.99	median	-3.30	-2.99	410.0	92.36	NAVD88	6
294900095312101	-95.523	29.817	-65.52	mean	-65.52	-66.33	1451.0	84.54	NAVD88	5
294901095221001	-95.370	29.817	-73.46	mean	-73.46	-73.89	1152.0	61.62	NAVD88	72
294902095133501	-95.227	29.817	-83.50	mean	-83.50	-84.63	1429.0	32.01	NAVD88	12
294909095200301	-95.334	29.819	-97.58	mean	-97.58	-99.68	1839.0	51.32	NAVD88	5
294910094521601	-94.871	29.820	-21.04	mean	-21.04	-21.26	871.0	38.39	NAVD88	9
294913095241801	-95.405	29.821	-86.97	mean	-86.97	-82.81	1730.0	68.20	NAVD88	4
294913095305801	-95.516	29.821	-67.59	mean	-67.59	-66.51	1720.0	83.25	NAVD88	6
294914095532101	-95.889	29.821	13.09	mean	13.09	12.86	1074.0	166.10	NAVD88	6
294920095314601	-95.530	29.823	-61.59	mean	-61.59	-61.28	1450.0	87.22	NAVD88	6
294921095312901	-95.525	29.823	-64.87	mean	-64.87	-64.33	1455.0	85.16	NAVD88	6
294921095492201	-95.823	29.823	12.88	mean	12.88	12.79	529.0	155.14	NAVD88	6
294926094595501	-94.999	29.824	-40.47	mean	-40.47	-40.74	420.0	39.01	NAVD88	21
294930095125401	-95.215	29.825	-81.99	mean	-81.99	-81.94	1500.0	34.97	NAVD88	13
294932094551401	-94.921	29.826	-37.42	mean	-37.42	-37.42	375.0	26.28	NAVD88	11
294932095132601	-95.224	29.826	-81.44	mean	-81.44	-82.08	1548.0	34.84	NAVD88	12
294932095200601	-95.335	29.826	-96.74	mean	-96.74	-98.99	1901.0	62.67	NAVD88	7
294932095293501	-95.493	29.826	-42.52	mean	-42.52	-42.67	862.0	76.14	NAVD88	73
294933095361201	-95.604	29.826	-11.17	mean	-11.17	-11.71	958.0	98.28	NAVD88	6
294945095403301	-95.676	29.829	7.11	median	7.11	7.11	225.0	110.95	NAVD88	1
294948095441001	-95.736	29.830	8.49	mean	8.49	8.21	359.0	136.55	NAVD88	5
294950095313701	-95.527	29.831	-65.65	mean	-65.65	-63.29	1485.0	89.81	NAVD88	5
294953095065601	-95.116	29.832	-84.67	mean	-84.67	-83.98	1575.0	39.25	NAVD88	4
294957094433601	-94.727	29.833	-2.93	mean	-2.93	-2.95	595.0	8.29	NAVD88	7
294958095200301	-95.334	29.833	-93.06	mean	-93.06	-93.16	1970.0	63.07	NAVD88	4
294959095405501	-95.683	29.834	-30.45	median	-30.45	-30.45	1075.0	115.76	NAVD88	1
295001094544401	-94.912	29.834	-39.85	median	-39.34	-39.85	922.0	25.25	NAVD88	5
295003095063901	-95.111	29.834	-80.67	mean	-80.67	-81.45	1510.0	38.71	NAVD88	8
295005095070301	-95.118	29.835	-86.97	mean	-86.97	-86.05	1527.0	39.22	NAVD88	4
295005095071301	-95.121	29.835	-83.26	median	-83.26	-83.26	1570.0	39.41	NAVD88	1
295015095381801	-95.639	29.838	-31.80	median	-31.80	-31.80	1485.0	103.41	NAVD88	1
295018094235801	-94.400	29.839	-22.71	median	-22.71	-22.71	240.0	29.73	NAVD88	1
295019095240801	-95.403	29.839	-91.91	mean	-91.91	-90.94	1770.0	65.64	NAVD88	7
295034095533501	-95.893	29.843	20.90	mean	20.90	20.72	450.0	171.48	NAVD88	6
295039095385301	-95.648	29.844	-24.69	median	-24.69	-24.69	1080.0	117.37	NAVD88	1
295044095565201	-95.948	29.846	22.22	mean	22.22	22.21	1064.0	180.04	NAVD88	6
295047094595101	-94.998	29.847	-41.32	median	-41.32	-41.32	316.0	37.70	NAVD88	1
295047094595201	-94.998	29.847	-38.83	median	-38.83	-38.83	407.0	38.75	NAVD88	1
295048095240801	-95.403	29.847	-87.64	median	-87.15	-87.64	1820.0	68.80	NAVD88	3
295050095200101	-95.334	29.848	-80.32	mean	-80.32	-78.39	1846.0	78.13	NAVD88	7
295101095140601	-95.236	29.851	-71.62	median	-71.62	-71.62	1285.0	42.98	NAVD88	1
295109095240801	-95.403	29.853	-88.74	mean	-88.74	-91.22	1830.0	73.13	NAVD88	6
295110095482301	-95.807	29.853	11.58	mean	11.58	11.49	710.0	154.24	NAVD88	6
295116095131001	-95.220	29.855	-71.26	median	-71.26	-71.26	1195.0	40.14	NAVD88	1
295116095200401	-95.335	29.855	-78.13	median	-78.13	-78.13	1986.0	57.31	NAVD88	2
295146095221701	-95.355	29.863	-87.39	median	-87.39	-87.39	1157.0	61.53	NAVD88	2
295150095254601	-95.431	29.864	-77.10	mean	-77.10	-78.29	1520.0	84.74	NAVD88	5
295150095352101	-95.589	29.864	-5.21	median	-4.99	-5.21	278.0	112.08	NAVD88	16
295156094542001	-94.906	29.866	-29.46	mean	-29.46	-29.43	531.0	43.38	NAVD88	4
295159094541601	-94.905	29.867	-28.16	mean	-28.16	-28.15	530.0	43.98	NAVD88	5
295201095173201	-95.293	29.867	-62.19	mean	-62.19	-62.33	870.0	57.39	NAVD88	20
295202095261401	-95.438	29.867	-75.81	mean	-75.81	-75.64	1576.0	86.57	NAVD88	6
295212095054401	-95.096	29.870	-70.41	mean	-70.41	-69.80	1712.0	23.83	NAVD88	29
295213095532101	-95.889	29.871	23.59	mean	23.59	23.55	767.0	177.15	NAVD88	6
295217094525201	-94.881	29.872	-22.21	median	-22.21	-22.21	450.0	40.34	NAVD88	1
295218095060501	-95.102	29.872	-76.21	mean	-76.21	-74.86	1593.0	42.50	NAVD88	25
295218095572701	-95.958	29.872	25.46	mean	25.46	25.52	839.0	185.66	NAVD88	6
295225095452401	-95.757	29.874	13.24	mean	13.24	13.05	685.0	146.36	NAVD88	6
295226095071801	-95.122	29.874	-73.97	mean	-73.97	-73.23	1625.0	45.27	NAVD88	32
295227095200501	-95.335	29.874	-54.76	mean	-54.76	-54.90	575.0	59.04	NAVD88	18
295228095065101	-95.115	29.875	-72.26	mean	-72.26	-71.97	1628.0	47.84	NAVD88	27
295228095262901	-95.442	29.875	-78.65	mean	-78.65	-79.51	1668.0	86.67	NAVD88	4
295229095062701	-95.108	29.875	-72.72	mean	-72.72	-71.98	1568.0	44.82	NAVD88	29
295229095074101	-95.128	29.876	-73.13	mean	-73.13	-72.30	1608.0	46.46	NAVD88	31
295233095274101	-95.462	29.876	-74.20	median	-74.20	-74.20	984.0	79.65	NAVD88	1
295249095294901	-95.497	29.881	-27.02	median	-27.02	-27.02	525.0	83.84	NAVD88	1
295249095333002	-95.559	29.881	-2.94	median	-2.94	-2.94	433.0	102.51	NAVD88	1
295251095264501	-95.446	29.881	-73.08	mean	-73.08	-74.21	1777.0	86.93	NAVD88	5
295252095300401	-95.501	29.881	-59.16	median	-59.16	-59.16	952.0	87.02	NAVD88	2
295259095065401	-95.115	29.883	-77.81	median	-76.59	-77.81	1560.0	46.81	NAVD88	3
295306095270501	-95.452	29.885	-74.92	mean	-74.92	-77.43	1511.0	85.21	NAVD88	5
295311095572501	-95.957	29.887	26.91	mean	26.91	26.96	1000.0	190.40	NAVD88	6
295316095541901	-95.906	29.888	30.02	mean	30.02	30.05	926.0	183.77	NAVD88	6
295316095562801	-95.941	29.888	-3.75	median	-3.75	-3.75	1002.0	190.89	NAVD88	1
295322094543401	-94.910	29.890	-34.77	median	-34.77	-34.77	582.0	45.31	NAVD88	2
295323095294501	-95.496	29.890	-47.59	median	-47.59	-47.59	1064.0	94.47	NAVD88	1
295333095433801	-95.728	29.893	6.89	median	7.09	6.89	695.0	141.85	NAVD88	5
295348095470901	-95.786	29.897	15.30	mean	15.30	15.29	660.0	159.99	NAVD88	6
295402095572401	-95.957	29.901	36.57	mean	36.57	36.60	905.0	195.72	NAVD88	6
295439095462001	-95.772	29.911	15.90	mean	15.90	16.40	550.0	156.61	NAVD88	5
295442095542401	-95.907	29.912	37.25	mean	37.25	37.35	810.0	185.85	NAVD88	5
295447095562701	-95.941	29.913	28.87	median	28.87	28.87	962.0	197.16	NAVD88	1
295450095045801	-95.083	29.914	-49.76	median	-49.76	-49.76	1455.0	42.47	NAVD88	1
295451095083901	-95.144	29.914	-42.75	median	-42.75	-42.75	540.0	57.11	NAVD88	1
295459095361001	-95.603	29.917	7.10	median	7.30	7.10	893.0	122.03	NAVD88	4
295501095331501	-95.554	29.917	-4.40	median	-4.71	-4.40	812.0	114.91	NAVD88	6
295501095334401	-95.562	29.917	-1.92	median	-2.66	-1.92	740.0	114.69	NAVD88	4
295501095334601	-95.563	29.917	-15.50	median	-14.43	-15.50	782.0	116.57	NAVD88	6
295505095462201	-95.773	29.918	18.41	mean	18.41	18.35	565.0	158.90	NAVD88	6
295525095233601	-95.394	29.924	-64.73	median	-64.73	-64.73	1130.0	78.18	NAVD88	1
295548095462501	-95.774	29.930	19.26	mean	19.26	19.20	533.0	158.24	NAVD88	6
295552095562601	-95.941	29.931	33.48	mean	33.48	33.47	828.0	201.96	NAVD88	6
295554095433301	-95.726	29.932	13.51	mean	13.51	13.41	1160.0	153.29	NAVD88	6
295558095442301	-95.740	29.933	11.85	median	11.92	11.85	1160.0	152.61	NAVD88	6
295604095430601	-95.719	29.935	12.29	mean	12.29	11.98	1190.0	152.03	NAVD88	5
295609095233801	-95.394	29.936	-59.85	median	-59.85	-59.85	1475.0	82.92	NAVD88	1
295611095240201	-95.404	29.937	-51.77	median	-51.77	-51.77	1440.0	87.36	NAVD88	1
295614095242201	-95.408	29.937	-53.48	median	-53.48	-53.48	1082.0	86.47	NAVD88	1
295616095170101	-95.284	29.938	-36.89	mean	-36.89	-37.20	600.0	67.12	NAVD88	19
295616095170201	-95.284	29.938	-38.13	mean	-38.13	-38.41	762.0	66.93	NAVD88	20
295617095260101	-95.434	29.938	-21.84	mean	-21.84	-21.84	1048.0	93.54	NAVD88	6
295619095171001	-95.287	29.939	-55.05	mean	-55.05	-55.25	1120.0	66.80	NAVD88	13
295619095324701	-95.547	29.939	-15.88	median	-15.88	-15.88	710.0	116.95	NAVD88	2
295621095324701	-95.547	29.939	-26.13	median	-26.13	-26.13	1355.0	116.71	NAVD88	1
295624095370801	-95.619	29.940	-1.41	median	-1.61	-1.41	945.0	131.92	NAVD88	3
295624095370802	-95.619	29.940	-3.12	median	-6.14	-3.12	672.0	131.92	NAVD88	3
295631095315001	-95.531	29.942	-26.28	mean	-26.28	-26.23	734.0	117.40	NAVD88	17
295633095324401	-95.546	29.943	-13.15	median	-13.15	-13.15	703.0	118.43	NAVD88	2
295646095324601	-95.546	29.946	-27.84	median	-27.84	-27.84	772.0	119.08	NAVD88	2
295647095343901	-95.578	29.947	-21.48	median	-21.48	-21.48	1080.0	125.71	NAVD88	1
295650095315901	-95.533	29.948	-24.42	mean	-24.42	-24.78	725.0	118.07	NAVD88	17
295650095322301	-95.540	29.948	-30.90	median	-30.90	-30.90	673.0	120.04	NAVD88	2
295654095401901	-95.672	29.949	14.92	mean	14.92	14.50	1170.0	144.05	NAVD88	6
295703095245101	-95.416	29.961	-46.70	median	-46.70	-46.70	1434.0	90.34	NAVD88	1
295709096013101	-96.026	29.953	36.96	mean	36.96	37.13	1404.0	175.79	NAVD88	5
295719095371701	-95.622	29.956	-0.46	median	-0.46	-0.46	900.0	134.97	NAVD88	2
295736094483801	-94.811	29.960	-12.90	median	-12.90	-12.90	449.0	50.88	NAVD88	2
295758095494301	-95.829	29.966	29.70	mean	29.70	29.66	558.0	178.01	NAVD88	5
295759095170701	-95.286	29.967	-46.78	median	-46.78	-46.78	1065.0	73.11	NAVD88	1
295813095343601	-95.577	29.971	-3.65	median	-3.41	-3.65	510.0	129.21	NAVD88	3
295813095343801	-95.578	29.971	-18.96	median	-18.96	-18.96	1000.0	127.84	NAVD88	1
295829094385101	-94.648	29.975	3.27	median	3.27	3.27	496.0	46.69	NAVD88	1
295830095333501	-95.560	29.975	-11.06	median	-10.45	-11.06	1120.0	127.32	NAVD88	3
295831095530801	-95.886	29.976	32.19	mean	32.19	32.26	1007.0	219.39	NAVD88	5
295835095130401	-95.218	29.977	-41.66	median	-41.66	-41.66	1096.0	77.61	NAVD88	1
295836095233301	-95.393	29.977	-8.50	mean	-8.50	-8.66	1130.0	98.37	NAVD88	10
295840095525901	-95.882	29.979	53.90	mean	53.90	53.74	680.0	216.23	NAVD88	6
295845095304101	-95.512	29.979	-9.50	median	-10.87	-9.50	802.0	122.94	NAVD88	5
295850095201301	-95.338	29.980	-31.18	mean	-31.18	-30.83	1545.0	89.83	NAVD88	13
295855095204301	-95.346	29.982	-30.94	mean	-30.94	-32.33	1540.0	88.86	NAVD88	17
295903094384901	-94.647	29.984	-9.74	median	-9.74	-9.74	483.0	45.99	NAVD88	1
295905095315701	-95.533	29.985	-8.94	median	-9.03	-8.94	660.0	123.91	NAVD88	17
295910095443501	-95.743	29.986	34.94	mean	34.94	34.95	499.0	155.36	NAVD88	6
295914095304701	-95.513	29.988	-10.20	median	-9.94	-10.20	775.0	123.89	NAVD88	5
295915095194001	-95.329	29.988	-29.36	mean	-29.36	-30.03	1630.0	89.40	NAVD88	21
295915095311301	-95.521	29.988	-9.64	median	-10.04	-9.64	788.0	122.94	NAVD88	4
295924095353201	-95.593	29.990	-6.22	median	-4.45	-6.22	940.0	126.94	NAVD88	3
295924095450601	-95.754	29.990	27.79	mean	27.79	27.55	885.0	159.61	NAVD88	6
295940095483801	-95.811	29.995	33.91	median	33.91	33.91	550.0	198.37	NAVD88	1
295943095062801	-95.108	29.996	-29.37	median	-29.37	-29.37	1150.0	66.26	NAVD88	1
295944095155801	-95.266	29.996	-19.46	mean	-19.46	-19.84	290.0	88.65	NAVD88	6
295953094511001	-94.853	29.998	-4.58	median	-4.58	-4.58	240.0	65.23	NAVD88	1
295953095524101	-95.878	29.998	26.83	median	26.83	26.83	971.0	230.56	NAVD88	1
300001095294601	-95.496	30.001	-15.25	median	-15.25	-15.25	994.0	117.82	NAVD88	1
300002095463701	-95.777	30.001	34.67	mean	34.67	34.59	547.0	198.59	NAVD88	6
300008095310301	-95.518	30.003	0.12	median	0.12	0.12	421.0	116.39	NAVD88	1
300013094580901	-94.969	30.004	-16.46	mean	-16.46	-15.83	837.0	67.06	NAVD88	5
300013095112101	-95.189	30.004	-25.86	median	-25.86	-25.86	1165.0	70.57	NAVD88	1
300013095342801	-95.575	30.004	-0.82	median	-0.82	-0.82	580.0	131.34	NAVD88	1
300019095332501	-95.557	30.006	6.59	median	6.59	6.59	465.0	136.25	NAVD88	1
300020094584601	-94.980	30.006	-15.04	mean	-15.04	-15.04	800.0	66.26	NAVD88	5
300024095274601	-95.463	30.007	-6.09	median	-6.09	-6.09	430.0	117.34	NAVD88	1
300024095274602	-95.463	30.007	-6.09	median	-6.09	-6.09	430.0	117.34	NAVD88	1
300028095365701	-95.616	30.008	15.86	median	15.86	15.86	410.0	145.15	NAVD88	1
300033095190001	-95.317	30.009	-26.90	median	-26.90	-26.90	815.0	92.21	NAVD88	1
300036095310301	-95.518	30.010	7.41	median	7.41	7.41	294.0	108.90	NAVD88	1
300037095084801	-95.147	30.011	-15.03	median	-15.74	-15.03	549.0	68.26	NAVD88	12
300038095314001	-95.528	30.011	-4.78	median	-4.78	-4.78	1005.0	124.59	NAVD88	1
300042095485201	-95.815	30.012	23.46	median	23.46	23.46	737.0	208.69	NAVD88	1
300045095100901	-95.169	30.013	-24.01	median	-24.01	-24.01	1205.0	68.56	NAVD88	1
300048095133201	-95.226	30.014	-15.33	median	-15.33	-15.33	355.0	48.55	NAVD88	1
300050095275301	-95.464	30.014	-13.85	median	-14.59	-13.85	1165.0	117.69	NAVD88	4
300051095271801	-95.455	30.014	-9.96	median	-9.96	-9.96	752.0	115.92	NAVD88	2
300053095271901	-95.456	30.015	-13.89	median	-13.59	-13.89	1236.0	116.14	NAVD88	4
300056095335601	-95.566	30.016	1.39	median	1.39	1.39	962.0	139.58	NAVD88	2
300057094565801	-94.950	30.016	-18.13	median	-18.13	-18.13	328.0	66.53	NAVD88	1
300102095485201	-95.815	30.017	39.08	mean	39.08	39.02	550.0	206.63	NAVD88	6
300106095085801	-95.150	30.019	-12.07	median	-12.07	-12.07	342.0	54.07	NAVD88	1
300108095305501	-95.516	30.019	-12.05	median	-12.05	-12.05	1100.0	116.13	NAVD88	1
300109095312401	-95.524	30.019	1.65	median	1.65	1.65	476.0	118.31	NAVD88	1
300110094320901	-94.536	30.020	4.27	mean	4.27	4.24	492.0	53.42	NAVD88	5
300116095254001	-95.428	30.021	7.49	median	7.49	7.49	347.0	112.17	NAVD88	1
300118095502801	-95.841	30.022	43.57	mean	43.57	43.14	497.0	218.19	NAVD88	6
300120095063601	-95.110	30.023	-12.94	mean	-12.94	-12.38	367.0	68.72	NAVD88	7
300120095063602	-95.110	30.023	-16.24	mean	-16.24	-15.88	637.0	68.72	NAVD88	8
300123095264501	-95.446	30.023	-13.50	median	-13.50	-13.50	1030.0	111.45	NAVD88	2
300126095241401	-95.404	30.024	-15.95	median	-15.03	-15.95	1052.0	109.72	NAVD88	58
300127095213801	-95.361	30.024	-16.60	median	-16.60	-16.60	640.0	84.45	NAVD88	1
300133095065101	-95.115	30.027	-14.07	mean	-14.07	-13.97	1010.0	68.11	NAVD88	13
300136095233702	-95.394	30.027	-18.98	median	-18.98	-18.98	655.0	94.79	NAVD88	1
300141095261901	-95.439	30.028	-22.87	median	-22.87	-22.87	1148.0	105.23	NAVD88	1
300142095001701	-95.005	30.029	-15.75	median	-15.75	-15.75	370.0	69.19	NAVD88	1
300143095323101	-95.542	30.029	1.84	median	1.84	1.84	615.0	132.93	NAVD88	1
300146095510401	-95.851	30.030	38.86	mean	38.86	38.37	297.0	223.97	NAVD88	21
300148095242001	-95.406	30.030	-16.94	median	-16.94	-16.94	1152.0	95.34	NAVD88	1
300150095522401	-95.874	30.031	38.08	median	38.08	38.08	620.0	240.83	NAVD88	1
300154095271401	-95.454	30.032	17.04	median	17.04	17.04	212.0	97.96	NAVD88	1
300155095341101	-95.570	30.032	6.56	median	6.56	6.56	546.0	146.15	NAVD88	1
300156095034301	-95.062	30.032	-23.15	median	-23.15	-23.15	992.0	66.31	NAVD88	1
300157095292501	-95.491	30.033	-18.76	median	-18.76	-18.76	1063.0	123.47	NAVD88	1
300159095014901	-95.031	30.033	-10.73	median	-10.28	-10.73	912.0	68.26	NAVD88	4
300159095311301	-95.521	30.033	-0.55	median	-0.55	-0.55	1103.0	128.22	NAVD88	1
300201095284001	-95.478	30.034	-6.04	median	-6.04	-6.04	1100.0	115.52	NAVD88	1
300208095054001	-95.095	30.036	-18.93	median	-18.93	-18.93	380.0	68.93	NAVD88	1
300221095200101	-95.334	30.039	-17.43	median	-17.43	-17.43	905.0	89.76	NAVD88	1
300222095032601	-95.058	30.040	-23.02	median	-23.02	-23.02	605.0	69.75	NAVD88	1
300225095144201	-95.245	30.041	-13.49	median	-13.49	-13.49	980.0	80.47	NAVD88	1
300231095274201	-95.462	30.042	14.53	median	14.53	14.53	224.0	116.88	NAVD88	1
300232095511601	-95.855	30.043	39.11	median	39.11	39.11	244.0	235.16	NAVD88	1
300234095283001	-95.475	30.043	-11.26	median	-11.26	-11.26	1150.0	121.69	NAVD88	1
300237095272201	-95.456	30.044	0.00	median	0.00	0.00	554.0	114.99	NAVD88	1
300237095272202	-95.456	30.044	-1.55	median	-1.55	-1.55	280.0	114.99	NAVD88	1
300237095272203	-95.456	30.044	-0.62	median	-0.62	-0.62	554.0	114.99	NAVD88	1
300239095212601	-95.358	30.044	-6.75	median	-6.75	-6.75	725.0	83.21	NAVD88	1
300242094565701	-94.949	30.045	-11.77	mean	-11.77	-11.38	940.0	77.42	NAVD88	7
300243094573501	-94.960	30.046	-12.08	mean	-12.08	-11.67	870.0	78.76	NAVD88	7
300246095241901	-95.406	30.046	-1.16	median	-1.16	-1.16	520.0	98.26	NAVD88	1
300248095484501	-95.813	30.047	25.29	median	25.29	25.29	350.0	214.59	NAVD88	1
300252095203501	-95.343	30.048	-14.00	median	-14.00	-14.00	685.0	96.84	NAVD88	1
300306095133401	-95.226	30.052	-2.03	median	-2.03	-2.03	970.0	75.45	NAVD88	1
300308095071401	-95.121	30.052	-9.17	median	-9.11	-9.17	570.0	66.75	NAVD88	20
300308095071402	-95.121	30.052	-8.95	median	-8.92	-8.95	503.0	66.75	NAVD88	21
300312095221601	-95.371	30.054	-14.42	median	-14.42	-14.42	615.0	100.49	NAVD88	1
300313094532301	-94.890	30.054	-6.84	median	-6.84	-6.84	1334.0	84.93	NAVD88	1
300324094473501	-94.793	30.057	-7.97	mean	-7.97	-8.06	651.0	28.49	NAVD88	7
300330095231201	-95.387	30.059	-9.35	median	-9.35	-9.35	1157.0	106.84	NAVD88	1
300355095504801	-95.847	30.066	23.55	median	23.55	23.55	1276.0	260.96	NAVD88	1
300402095123401	-95.210	30.067	-1.90	median	-1.90	-1.90	811.0	67.88	NAVD88	1
300413094402101	-94.673	30.071	-6.81	median	-6.81	-6.81	801.0	70.53	NAVD88	2
300413095002201	-95.007	30.071	-7.74	median	-8.40	-7.74	1017.0	84.45	NAVD88	6
300417094404801	-94.680	30.072	2.58	median	2.20	2.58	1180.0	69.81	NAVD88	7
300426095123901	-95.211	30.074	-0.68	median	-0.68	-0.68	975.0	79.82	NAVD88	1
300427094454701	-94.763	30.074	-6.06	median	-6.06	-6.06	600.0	44.94	NAVD88	1
300442095231802	-95.389	30.079	-4.98	median	-4.98	-4.98	720.0	108.95	NAVD88	1
300444095280901	-95.469	30.079	17.91	median	17.91	17.91	1092.0	136.78	NAVD88	1
300449095480101	-95.801	30.081	44.21	median	44.21	44.21	260.0	244.60	NAVD88	1
300450095250501	-95.418	30.081	-2.58	median	-1.98	-2.58	1072.0	120.78	NAVD88	21
300456095245601	-95.416	30.082	3.43	median	3.43	3.43	538.0	120.07	NAVD88	1
300501094595901	-95.000	30.084	-14.37	median	-14.94	-14.37	832.0	80.66	NAVD88	3
300507095280201	-95.468	30.086	-1.65	median	-1.65	-1.65	1000.0	136.53	NAVD88	1
300521095365101	-95.614	30.089	34.54	mean	34.54	34.58	412.0	180.75	NAVD88	6
300527095401001	-95.670	30.091	40.77	median	40.77	40.77	258.0	229.53	NAVD88	1
300539095003201	-95.009	30.094	-0.97	median	-1.63	-0.97	500.0	80.98	NAVD88	6
300548095391902	-95.656	30.097	46.68	median	46.68	46.68	200.0	230.59	NAVD88	1
300549095391201	-95.654	30.097	44.32	median	44.32	44.32	210.0	214.08	NAVD88	1
300551095330401	-95.551	30.098	0.11	median	0.11	0.11	1022.0	134.35	NAVD88	1
300551095365701	-95.616	30.098	35.77	mean	35.77	35.86	303.0	186.88	NAVD88	6
300553095391701	-95.655	30.098	45.38	median	45.38	45.38	224.0	232.39	NAVD88	1
300559095390701	-95.652	30.100	41.46	median	41.46	41.46	416.0	228.73	NAVD88	1
300608095294201	-95.495	30.102	4.75	median	4.75	4.75	585.0	127.32	NAVD88	1
300639094461201	-94.770	30.111	-7.33	median	-7.33	-7.33	247.0	46.37	NAVD88	1
300639095375501	-95.632	30.111	39.02	median	39.02	39.02	455.0	219.88	NAVD88	1
300641095003101	-95.009	30.112	-3.18	median	-3.96	-3.18	1006.0	81.93	NAVD88	7
300700095345401	-95.582	30.117	37.78	median	37.78	37.78	279.0	151.88	NAVD88	1
300705094432101	-94.723	30.118	5.65	median	5.37	5.65	485.0	72.96	NAVD88	3
300714095325101	-95.548	30.121	6.93	median	6.93	6.93	875.0	147.36	NAVD88	1
300720095005201	-95.014	30.122	2.17	median	2.17	2.17	580.0	86.15	NAVD88	2
300729094463201	-94.776	30.125	1.82	median	1.82	1.82	260.0	33.48	NAVD88	1
300736095000701	-95.002	30.127	2.38	median	2.69	2.38	1015.0	85.30	NAVD88	3
300738095560001	-95.934	30.128	64.37	median	64.37	64.37	220.0	304.65	NAVD88	1
300740095262701	-95.441	30.128	7.35	median	7.35	7.35	996.0	116.71	NAVD88	1
300748094554501	-94.931	30.131	1.74	median	1.48	1.74	401.0	96.49	NAVD88	6
300756095000601	-95.002	30.133	-0.66	median	-0.66	-0.66	1040.0	87.19	NAVD88	2
300757094554201	-94.929	30.133	9.98	mean	9.98	10.18	760.0	97.93	NAVD88	5
300759094554201	-94.929	30.133	-4.80	median	-4.80	-4.80	728.0	97.13	NAVD88	1
300816095274701	-95.463	30.140	2.35	median	2.35	2.35	944.0	135.58	NAVD88	1
300822095284201	-95.479	30.141	5.46	median	5.46	5.46	1052.0	134.60	NAVD88	1
300844094491701	-94.822	30.146	-1.08	median	-1.08	-1.08	428.0	30.13	NAVD88	1
300857094400101	-94.667	30.149	6.36	median	6.13	6.36	624.0	69.65	NAVD88	4
300927095264401	-95.446	30.158	6.62	median	6.62	6.62	998.0	130.36	NAVD88	1
300939094532701	-94.891	30.161	2.16	median	2.16	2.16	327.0	98.96	NAVD88	1
301035094383801	-94.644	30.177	4.89	median	4.89	4.89	686.0	70.78	NAVD88	2
301234094112801	-94.191	30.210	-7.58	median	-8.21	-7.58	800.0	25.00	NGVD29	4
301234095255801	-95.433	30.209	20.08	median	20.08	20.08	820.0	125.76	NAVD88	1
301237094012301	-94.023	30.210	-4.02	mean	-4.02	-4.10	380.0	26.00	NGVD29	4
301246094010601	-94.019	30.213	-3.73	mean	-3.73	-3.79	385.0	27.00	NGVD29	4
301259094063901	-94.111	30.217	-5.15	mean	-5.15	-5.16	800.0	21.00	NGVD29	6
301316094114601	-94.196	30.221	-7.75	median	-8.93	-7.75	795.0	26.00	NGVD29	3
301407094584401	-94.979	30.236	11.13	median	11.13	11.13	718.0	119.89	NAVD88	1
301408094442201	-94.741	30.237	15.08	median	15.08	15.08	1150.0	94.93	NAVD88	1
301411094432601	-94.724	30.237	13.13	mean	13.13	13.27	660.0	89.10	NAVD88	4
301535094053501	-94.093	30.260	-3.36	mean	-3.36	-3.31	468.0	30.00	NGVD29	6
301537094051301	-94.087	30.260	-18.32	mean	-18.32	-18.56	1250.0	35.00	NGVD29	6
301608094582401	-94.974	30.269	22.05	mean	22.05	22.27	627.0	127.85	NAVD88	5
302040095050701	-95.086	30.345	35.81	mean	35.81	34.71	845.0	158.04	NAVD88	5
302053094100601	-94.169	30.348	-4.38	median	-4.62	-4.38	842.0	80.00	NGVD29	6
302100094104102	-94.178	30.350	-10.16	mean	-10.16	-9.92	900.0	80.00	NGVD29	6
302138094035302	-94.065	30.361	2.80	median	2.80	2.80	390.0	47.00	NGVD29	1
302154094590701	-94.985	30.366	35.94	mean	35.94	35.39	502.0	153.24	NAVD88	5
302156095001501	-95.004	30.366	35.47	mean	35.47	34.69	452.0	151.23	NAVD88	5
302204094582201	-94.973	30.368	29.03	median	29.03	29.03	337.0	154.64	NAVD88	2
302339095345801	-95.583	30.394	52.40	median	52.40	52.40	232.0	202.02	NAVD88	1
302353094593701	-94.994	30.399	36.41	mean	36.41	36.67	835.0	159.42	NAVD88	8
302418094595601	-94.999	30.405	37.45	mean	37.45	37.59	693.0	160.15	NAVD88	8
302438095301401	-95.504	30.411	55.13	median	55.13	55.13	347.0	322.85	NAVD88	1
302502095312701	-95.524	30.418	44.53	median	44.53	44.53	300.0	281.64	NAVD88	1
302516095304401	-95.513	30.421	60.61	median	60.61	60.61	414.0	352.53	NAVD88	1
302522095284201	-95.479	30.423	61.70	mean	61.70	61.71	365.0	387.65	NAVD88	5
302708094455901	-94.767	30.453	36.44	median	36.44	36.44	677.0	124.17	NAVD88	1
