Well_ID	Longitude	Latitude	GWLm	method	mean	median	well_constructed_depth	altitude	vertical_datum	Counts
285537095214001	-95.362	28.927	-11.44	median	-11.66	-11.44	224.0	4.85	NAVD88	6
285654095215101	-95.364	28.949	-11.59	median	-11.95	-11.59	249.0	4.91	NAVD88	6
285744095212102	-95.356	28.962	-8.36	median	-8.11	-8.36	258.0	4.91	NAVD88	4
285919095344701	-95.581	28.989	-11.20	mean	-11.20	-11.18	506.0	13.66	NAVD88	6
290000095192602	-95.325	29.000	-11.03	mean	-11.03	-10.54	232.0	4.98	NAVD88	6
290834095384201	-95.645	29.143	-12.29	mean	-12.29	-12.21	659.0	34.28	NAVD88	6
290939095480601	-95.802	29.161	2.71	median	2.73	2.71	500.0	49.97	NAVD88	6
291055095482501	-95.807	29.182	2.69	median	2.81	2.69	399.0	52.94	NAVD88	6
291114095213001	-95.359	29.188	3.02	median	2.96	3.02	335.0	15.01	NAVD88	6
291138095261501	-95.438	29.194	-10.89	median	-10.51	-10.89	819.0	29.96	NAVD88	6
291201095200701	-95.336	29.201	-10.42	mean	-10.42	-10.47	960.0	14.20	NAVD88	6
291210095484001	-95.811	29.203	2.40	median	2.41	2.40	473.0	55.15	NAVD88	6
291305095352201	-95.589	29.220	-10.64	mean	-10.64	-10.70	867.0	35.01	NAVD88	6
291320095351401	-95.588	29.223	-6.92	median	-7.31	-6.92	852.0	34.98	NAVD88	6
291344095205101	-95.348	29.229	-3.34	median	-3.77	-3.34	304.0	23.84	NAVD88	6
291510095405201	-95.683	29.253	-8.13	mean	-8.13	-8.24	887.0	60.00	NAVD88	6
291545095202401	-95.341	29.263	-5.58	mean	-5.58	-5.50	514.0	26.00	NAVD88	6
291808095261701	-95.438	29.302	-0.43	median	-0.39	-0.43	1168.0	40.26	NAVD88	6
291843095321401	-95.537	29.312	-18.13	mean	-18.13	-17.79	885.0	40.18	NAVD88	6
291859095152601	-95.257	29.317	-15.81	mean	-15.81	-15.79	350.0	24.77	NAVD88	6
291908095414901	-95.697	29.319	-7.17	median	-7.17	-7.17	756.0	54.98	NAVD88	1
291919095485101	-95.814	29.322	4.56	median	4.57	4.56	871.0	74.75	NAVD88	6
291948095135401	-95.232	29.330	-16.38	mean	-16.38	-15.97	400.0	20.41	NAVD88	6
291949095024801	-95.047	29.331	-14.13	mean	-14.13	-13.94	756.0	19.74	NAVD88	7
292037095010501	-95.018	29.344	-13.70	mean	-13.70	-13.81	1080.0	14.01	NAVD88	7
292050095010501	-95.018	29.348	-15.36	mean	-15.36	-15.62	790.0	16.04	NAVD88	6
292054095171901	-95.289	29.349	-16.43	mean	-16.43	-16.32	473.0	29.75	NAVD88	6
292054095371301	-95.621	29.349	-10.75	mean	-10.75	-10.72	874.0	57.42	NAVD88	6
292138095435801	-95.733	29.361	-1.60	median	-1.53	-1.60	1195.0	74.80	NAVD88	6
292144095033601	-95.060	29.363	-18.02	median	-17.41	-18.02	884.0	20.03	NAVD88	3
292146095410301	-95.684	29.363	-8.32	mean	-8.32	-8.28	1158.0	69.39	NAVD88	6
292155095041001	-95.070	29.366	-17.65	mean	-17.65	-17.83	873.0	20.03	NAVD88	4
292203095043201	-95.076	29.368	-16.96	mean	-16.96	-17.11	843.0	23.70	NAVD88	4
292204095042901	-95.075	29.368	-18.35	median	-18.15	-18.35	874.0	19.98	NAVD88	3
292204095043601	-95.077	29.368	-16.82	mean	-16.82	-16.35	836.0	24.67	NAVD88	6
292204095281301	-95.471	29.368	-12.28	median	-11.55	-12.28	923.0	50.08	NAVD88	6
292207094544001	-94.911	29.369	-13.79	mean	-13.79	-13.91	645.0	6.65	NAVD88	6
292208095042701	-95.074	29.369	-15.43	mean	-15.43	-15.09	775.0	19.53	NAVD88	6
292209095042801	-95.075	29.369	-17.84	mean	-17.84	-17.98	855.0	19.10	NAVD88	4
292211094543301	-94.909	29.370	-12.45	mean	-12.45	-12.54	1042.0	7.53	NAVD88	6
292211095044501	-95.079	29.370	-17.06	mean	-17.06	-17.17	817.0	24.08	NAVD88	4
292218095390801	-95.653	29.372	-10.24	mean	-10.24	-10.21	1155.0	70.01	NAVD88	6
292220095001901	-95.006	29.372	-12.45	median	-12.45	-12.45	860.0	18.40	NAVD88	1
292223094544401	-94.912	29.373	-11.53	mean	-11.53	-11.74	1017.0	8.50	NAVD88	6
292231094581701	-94.971	29.375	-14.73	median	-14.73	-14.73	709.0	15.00	NAVD88	2
292233094541501	-94.904	29.376	-11.42	mean	-11.42	-11.38	771.0	10.45	NAVD88	7
292246095553601	-95.927	29.380	10.29	mean	10.29	10.28	363.0	86.54	NAVD88	6
292303094553201	-94.926	29.384	-12.71	mean	-12.71	-12.99	728.0	13.44	NAVD88	7
292305094554801	-94.930	29.385	-13.70	mean	-13.70	-13.46	715.0	13.48	NAVD88	6
292314094563001	-94.942	29.387	-9.93	mean	-9.93	-10.00	702.0	9.99	NAVD88	7
292324094573801	-94.961	29.390	-14.04	mean	-14.04	-13.89	737.0	9.76	NAVD88	7
292327094575901	-94.967	29.391	-14.75	mean	-14.75	-14.42	644.0	11.13	NAVD88	7
292336095063301	-95.109	29.394	-21.82	mean	-21.82	-22.00	805.0	28.26	NAVD88	4
292337094542801	-94.908	29.394	-13.10	mean	-13.10	-13.01	772.0	9.86	NAVD88	7
292338095063601	-95.110	29.394	-21.32	mean	-21.32	-20.95	870.0	27.82	NAVD88	6
292350095002201	-95.006	29.398	-15.17	mean	-15.17	-15.11	874.0	20.00	NAVD88	5
292354095425501	-95.716	29.399	2.29	median	2.21	2.29	491.0	66.41	NAVD88	5
292354095430201	-95.718	29.399	-4.87	mean	-4.87	-4.87	497.0	67.45	NAVD88	5
292358095062001	-95.106	29.400	-22.50	mean	-22.50	-22.67	776.0	26.36	NAVD88	4
292359095501601	-95.838	29.400	6.71	median	8.16	6.71	435.0	92.24	NAVD88	6
292403095052601	-95.091	29.401	-21.92	mean	-21.92	-21.66	771.0	25.88	NAVD88	7
292431094555601	-94.933	29.409	-13.59	mean	-13.59	-13.73	894.0	6.76	NAVD88	5
292439094553101	-94.926	29.411	-15.36	mean	-15.36	-15.66	785.0	6.03	NAVD88	7
292440095053801	-95.094	29.411	-21.99	mean	-21.99	-22.24	764.0	23.47	NAVD88	6
292443095045201	-95.081	29.412	-22.47	mean	-22.47	-21.41	781.0	24.94	NAVD88	7
292456095560101	-95.934	29.416	13.95	mean	13.95	13.94	564.0	95.08	NAVD88	6
292458094534201	-94.895	29.416	-5.86	mean	-5.86	-5.89	210.0	5.30	NAVD88	81
292458094534202	-94.895	29.416	-8.48	mean	-8.48	-8.57	302.0	5.30	NAVD88	7
292458094534203	-94.895	29.416	-9.36	mean	-9.36	-9.36	400.0	5.30	NAVD88	77
292458094534204	-94.895	29.416	-13.92	mean	-13.92	-13.95	535.0	5.30	NAVD88	78
292458094534205	-94.895	29.416	-14.38	mean	-14.38	-14.46	1060.0	5.30	NAVD88	77
292458094534206	-94.895	29.416	-13.80	mean	-13.80	-13.79	800.0	5.87	NAVD88	78
292459095451901	-95.756	29.417	9.80	mean	9.80	9.83	636.0	73.58	NAVD88	6
292500095451701	-95.755	29.417	2.29	median	2.32	2.29	660.0	73.55	NAVD88	5
292527095561701	-95.938	29.424	13.82	mean	13.82	13.91	403.0	95.20	NAVD88	6
292530095560701	-95.936	29.425	13.64	mean	13.64	13.66	240.0	94.98	NAVD88	6
292533095052701	-95.091	29.426	-24.18	mean	-24.18	-23.75	770.0	18.77	NAVD88	6
292534095044501	-95.079	29.426	-23.44	mean	-23.44	-23.15	810.0	21.27	NAVD88	7
292548094565601	-94.949	29.430	-11.59	mean	-11.59	-11.60	692.0	4.98	NAVD88	7
292603095150901	-95.253	29.435	-37.28	mean	-37.28	-37.61	702.0	42.66	NAVD88	6
292605095571301	-95.954	29.435	14.81	mean	14.81	14.85	590.0	94.92	NAVD88	6
292611095012901	-95.025	29.437	-21.76	median	-21.76	-21.76	700.0	17.85	NAVD88	1
292611095563901	-95.944	29.437	13.22	mean	13.22	13.29	623.0	97.69	NAVD88	6
292617095065501	-95.116	29.438	-27.49	mean	-27.49	-27.38	736.0	18.93	NAVD88	6
292619095060601	-95.102	29.439	-25.95	mean	-25.95	-25.54	750.0	16.77	NAVD88	7
292724095045401	-95.082	29.457	-25.04	median	-25.04	-25.04	544.0	11.86	NAVD88	2
292730095031301	-95.054	29.458	-24.57	median	-24.57	-24.57	734.0	11.38	NAVD88	2
292748095031701	-95.055	29.464	-24.88	median	-24.88	-24.88	587.0	13.02	NAVD88	2
292812095035901	-95.066	29.470	-25.27	median	-25.27	-25.27	570.0	11.03	NAVD88	2
292841094584901	-94.984	29.481	-20.40	mean	-20.40	-20.86	660.0	10.71	NAVD88	5
292848094590001	-94.981	29.478	-22.49	mean	-22.49	-21.57	651.0	10.42	NAVD88	5
292853095381301	-95.637	29.482	-23.47	median	-25.74	-23.47	803.0	71.30	NAVD88	3
292859095380501	-95.635	29.483	-33.05	median	-30.82	-33.05	853.0	67.91	NAVD88	6
292900094585501	-94.983	29.483	-21.08	mean	-21.08	-21.50	664.0	12.66	NAVD88	5
292900096015901	-96.033	29.484	20.43	median	20.43	20.43	526.0	114.93	NAVD88	2
292903095375501	-95.632	29.484	-13.26	mean	-13.26	-13.38	702.0	72.84	NAVD88	5
292913094584301	-94.979	29.487	-22.60	mean	-22.60	-22.48	666.0	11.49	NAVD88	5
292923095091601	-95.155	29.490	-29.99	mean	-29.99	-29.82	730.0	27.72	NAVD88	6
292927095195801	-95.333	29.491	-12.62	mean	-12.62	-12.62	480.0	55.98	NAVD88	6
292931095333801	-95.561	29.492	-7.83	mean	-7.83	-7.80	345.0	57.17	NAVD88	6
292933095335301	-95.565	29.493	-6.81	mean	-6.81	-6.75	400.0	58.72	NAVD88	6
292935094583301	-94.978	29.492	-27.71	mean	-27.71	-27.83	670.0	11.47	NAVD88	4
292936096012701	-96.024	29.494	19.74	mean	19.74	19.83	324.0	111.42	NAVD88	6
292941094563001	-94.942	29.495	-16.69	mean	-16.69	-16.38	670.0	9.81	NAVD88	7
292944095550101	-95.917	29.496	5.32	mean	5.32	5.29	975.0	108.40	NAVD88	6
292951095335201	-95.565	29.498	-6.37	mean	-6.37	-6.33	375.0	59.80	NAVD88	6
293000095171201	-95.256	29.550	-37.20	median	-36.72	-37.20	620.0	44.70	NAVD88	3
293001095274601	-95.463	29.501	-15.48	median	-15.37	-15.48	524.0	63.21	NAVD88	6
293004095054601	-95.096	29.501	-31.86	mean	-31.86	-31.16	760.0	19.81	NAVD88	6
293005095151801	-95.255	29.515	-36.17	mean	-36.17	-35.72	591.0	40.74	NAVD88	6
293007096002001	-96.006	29.502	19.58	mean	19.58	19.42	270.0	111.49	NAVD88	6
293011095274401	-95.462	29.503	-9.80	median	-16.17	-9.80	310.0	64.40	NAVD88	4
293040095260001	-95.434	29.511	-15.98	mean	-15.98	-15.95	795.0	66.77	NAVD88	6
293043095053301	-95.093	29.512	-31.47	mean	-31.47	-31.23	710.0	15.54	NAVD88	6
293044095001601	-95.005	29.512	-25.29	median	-25.29	-25.29	628.0	16.66	NAVD88	2
293114096001001	-96.003	29.521	19.79	mean	19.79	19.79	304.0	114.97	NAVD88	6
293132095283301	-95.476	29.526	-42.58	mean	-42.58	-43.12	1320.0	72.49	NAVD88	6
293148095060801	-95.103	29.530	-43.91	median	-47.90	-43.91	636.0	11.35	NAVD88	5
293156094515501	-94.866	29.532	-18.38	mean	-18.38	-18.45	683.0	0.00	NAVD88	6
293202095070301	-95.118	29.533	-33.77	mean	-33.77	-33.26	645.0	20.65	NAVD88	5
293207095061501	-95.104	29.535	-40.31	mean	-40.31	-40.50	664.0	18.37	NAVD88	5
293207095065801	-95.103	29.530	-34.66	mean	-34.66	-33.64	622.0	15.79	NAVD88	5
293219095485701	-95.816	29.539	-16.39	mean	-16.39	-16.31	1313.0	99.48	NAVD88	6
293222095020301	-95.034	29.540	-32.29	mean	-32.29	-32.88	590.0	6.86	NAVD88	7
293226095471601	-95.788	29.541	-23.85	mean	-23.85	-23.87	1580.0	94.17	NAVD88	6
293230095024701	-95.047	29.542	-30.69	mean	-30.69	-31.01	705.0	8.92	NAVD88	5
293237095504801	-95.847	29.544	-18.42	mean	-18.42	-19.17	1178.0	102.96	NAVD88	7
293243095165201	-95.281	29.546	-41.53	mean	-41.53	-41.32	830.0	47.71	NAVD88	7
293245095414801	-95.697	29.546	-19.64	mean	-19.64	-19.66	840.0	81.17	NAVD88	6
293246095072501	-95.125	29.547	-33.05	mean	-33.05	-33.48	694.0	21.14	NAVD88	5
293247095054601	-95.096	29.546	-33.75	mean	-33.75	-33.55	680.0	16.22	NAVD88	6
293247095054602	-95.096	29.547	-32.90	mean	-32.90	-32.89	680.0	15.57	NAVD88	4
293253095141001	-95.236	29.548	-37.38	median	-37.55	-37.38	617.0	37.85	NAVD88	3
293305095353501	-95.593	29.552	-36.59	mean	-36.59	-36.37	711.0	66.12	NAVD88	5
293306095050801	-95.084	29.552	-32.53	mean	-32.53	-32.27	680.0	12.12	NAVD88	6
293306095054101	-95.096	29.552	-31.50	mean	-31.50	-31.61	770.0	19.65	NAVD88	78
293307095545601	-95.916	29.552	14.79	mean	14.79	14.70	915.0	113.39	NAVD88	6
293312095071501	-95.121	29.554	-33.70	mean	-33.70	-33.59	660.0	20.16	NAVD88	6
293312095334601	-95.561	29.553	-44.20	mean	-44.20	-43.62	1065.0	70.28	NAVD88	6
293314095474702	-95.796	29.553	-21.92	mean	-21.92	-21.93	1604.0	101.33	NAVD88	6
293315095063401	-95.110	29.554	-34.06	mean	-34.06	-33.16	657.0	17.79	NAVD88	6
293321095550901	-95.922	29.561	15.63	mean	15.63	15.56	770.0	110.65	NAVD88	6
293326095325001	-95.547	29.558	-46.32	mean	-46.32	-46.30	1225.0	67.40	NAVD88	6
293328095175301	-95.298	29.558	-42.32	median	-42.32	-42.32	772.0	48.18	NAVD88	1
293331095481801	-95.805	29.559	-4.45	mean	-4.45	-4.32	979.0	102.97	NAVD88	6
293332095411301	-95.687	29.559	-57.31	mean	-57.31	-58.20	1942.0	70.47	NAVD88	6
293337095482701	-95.808	29.561	-4.09	median	-4.12	-4.09	840.0	103.90	NAVD88	6
293338095451901	-95.756	29.561	5.30	median	5.18	5.30	500.0	92.31	NAVD88	6
293340095400501	-95.667	29.561	-61.00	mean	-61.00	-61.18	1964.0	70.65	NAVD88	6
293342095333601	-95.560	29.561	-45.91	mean	-45.91	-45.98	1074.0	70.18	NAVD88	6
293344095082301	-95.140	29.563	-34.10	mean	-34.10	-33.20	635.0	32.37	NAVD88	6
293348095070601	-95.119	29.564	-34.56	mean	-34.56	-34.92	1232.0	18.93	NAVD88	78
293348095070602	-95.119	29.564	-28.25	mean	-28.25	-29.02	392.0	18.93	NAVD88	62
293348095070603	-95.119	29.564	-34.69	mean	-34.69	-34.95	957.0	18.93	NAVD88	78
293349095070901	-95.119	29.564	-39.64	mean	-39.64	-39.89	1740.0	19.68	NAVD88	77
293351095171602	-95.288	29.564	-41.54	mean	-41.54	-41.27	645.0	47.17	NAVD88	8
293352095011601	-95.021	29.565	-30.62	mean	-30.62	-30.70	1381.0	8.28	NAVD88	78
293352095011602	-95.021	29.565	-30.83	mean	-30.83	-31.00	1381.0	8.05	NAVD88	77
293352095011603	-95.021	29.565	-30.15	mean	-30.15	-30.43	1308.0	8.05	NAVD88	77
293352095011605	-95.021	29.565	-19.92	mean	-19.92	-20.12	300.0	8.05	NAVD88	78
293352095011606	-95.021	29.565	-29.76	mean	-29.76	-29.75	920.0	8.05	NAVD88	78
293356095405901	-95.683	29.566	-63.19	median	-63.19	-63.19	1784.0	72.65	NAVD88	1
293357095070801	-95.119	29.566	-34.68	mean	-34.68	-34.38	630.0	19.77	NAVD88	6
293400095072601	-95.124	29.567	-32.92	mean	-32.92	-32.28	635.0	23.80	NAVD88	4
293401095054301	-95.095	29.567	-34.38	mean	-34.38	-33.45	629.0	16.23	NAVD88	6
293401095293002	-95.492	29.401	-14.78	mean	-14.78	-14.31	537.0	60.09	NAVD88	6
293410095060101	-95.101	29.570	-42.11	median	-42.26	-42.11	644.0	19.67	NAVD88	4
293416095170701	-95.286	29.572	-37.65	mean	-37.65	-37.41	1300.0	46.07	NAVD88	6
293424095330701	-95.552	29.574	-49.41	mean	-49.41	-50.05	1200.0	65.75	NAVD88	6
293424095330702	-95.552	29.573	-49.58	mean	-49.58	-49.28	1320.0	67.65	NAVD88	6
293425095450801	-95.752	29.574	-11.71	median	-13.77	-11.71	845.0	81.00	NAVD88	3
293431095191201	-95.320	29.575	-47.32	median	-47.34	-47.32	1074.0	50.17	NAVD88	3
293434095311501	-95.521	29.576	-49.80	mean	-49.80	-50.18	1308.0	76.21	NAVD88	6
293446095033901	-95.061	29.580	-32.28	mean	-32.28	-32.23	660.0	15.15	NAVD88	6
293450095165501	-95.282	29.581	-46.17	median	-46.17	-46.17	1062.0	46.90	NAVD88	2
293453095283501	-95.477	29.582	-47.61	mean	-47.61	-47.37	565.0	68.44	NAVD88	6
293455095375701	-95.633	29.582	-23.48	mean	-23.48	-23.27	463.0	70.03	NAVD88	6
293458095321001	-95.536	29.583	-48.23	mean	-48.23	-48.12	1077.0	75.19	NAVD88	6
293458095454301	-95.762	29.583	-4.11	median	-4.35	-4.11	518.0	90.75	NAVD88	8
293458095454501	-95.763	29.583	-2.55	median	-2.47	-2.55	431.0	90.13	NAVD88	3
293506095481101	-95.803	29.585	6.15	mean	6.15	6.16	305.0	88.36	NAVD88	5
293512095330301	-95.551	29.587	-64.95	median	-64.95	-64.95	1110.0	71.48	NAVD88	1
293514095254101	-95.428	29.587	-31.92	median	-31.92	-31.92	385.0	60.71	NAVD88	2
293524095252601	-95.424	29.590	-31.80	median	-31.80	-31.80	350.0	61.16	NAVD88	2
293527095271501	-95.454	29.591	-63.10	median	-61.11	-63.10	1050.0	61.46	NAVD88	22
293528095515701	-95.869	29.592	15.80	mean	15.80	15.74	422.0	116.27	NAVD88	6
293539095054201	-95.098	29.593	-33.47	mean	-33.47	-33.20	610.0	17.28	NAVD88	6
293543095274901	-95.464	29.596	-73.70	median	-66.23	-73.70	1220.0	63.26	NAVD88	21
293545095413301	-95.690	29.596	-31.00	median	-31.64	-31.00	1058.0	74.94	NAVD88	3
293546095374901	-95.631	29.596	-72.50	median	-72.50	-72.50	1724.0	71.26	NAVD88	1
293600095365301	-95.615	29.600	-70.55	median	-70.55	-70.55	536.0	72.43	NAVD88	1
293604095554101	-95.928	29.601	19.53	mean	19.53	19.39	280.0	111.25	NAVD88	6
293606095315401	-95.532	29.602	-51.71	mean	-51.71	-50.73	1190.0	77.22	NAVD88	6
293606095555301	-95.932	29.602	18.62	mean	18.62	18.49	292.0	111.36	NAVD88	6
293609095553001	-95.925	29.603	23.09	mean	23.09	22.81	293.0	110.64	NAVD88	6
293628095312801	-95.524	29.607	-53.65	mean	-53.65	-52.62	1256.0	72.32	NAVD88	6
293635095294101	-95.495	29.610	-62.81	mean	-62.81	-62.65	1220.0	67.41	NAVD88	21
293636095300401	-95.501	29.610	-58.68	mean	-58.68	-60.01	1032.0	66.41	NAVD88	23
293638095334801	-95.564	29.611	-58.16	median	-58.16	-58.16	1433.0	77.78	NAVD88	1
293641095545001	-95.914	29.612	19.40	mean	19.40	19.30	438.0	114.91	NAVD88	5
293642095361901	-95.606	29.612	-38.31	mean	-38.31	-38.80	550.0	72.25	NAVD88	6
293643095355901	-95.600	29.612	-44.09	median	-47.91	-44.09	900.0	71.22	NAVD88	7
293647095325701	-95.549	29.613	-51.14	median	-51.14	-51.14	690.0	77.18	NAVD88	1
293648095394601	-95.663	29.614	-14.37	mean	-14.37	-14.34	407.0	76.31	NAVD88	6
293652095293601	-95.494	29.615	-57.88	mean	-57.88	-58.20	1190.0	66.26	NAVD88	21
293704095440401	-95.735	29.618	-19.61	mean	-19.61	-19.54	530.0	80.00	NAVD88	5
293717095380501	-95.638	29.622	-38.77	median	-38.77	-38.77	1565.0	81.05	NAVD88	1
293719095381601	-95.637	29.622	-36.65	median	-36.65	-36.65	876.0	81.35	NAVD88	2
293720095381101	-95.634	29.622	-40.82	median	-40.82	-40.82	1025.0	75.02	NAVD88	2
293724095115901	-95.200	29.624	-41.55	mean	-41.55	-41.90	832.0	40.47	NAVD88	6
293729095311601	-95.521	29.625	-56.18	mean	-56.18	-56.12	1200.0	68.71	NAVD88	24
293729095440301	-95.734	29.617	-24.58	mean	-24.58	-23.96	1410.0	80.00	NAVD88	6
293730095443301	-95.743	29.625	-1.88	median	-1.93	-1.88	314.0	83.77	NAVD88	6
293732095300601	-95.502	29.626	-67.89	median	-68.33	-67.89	1200.0	66.00	NAVD88	22
293734095293701	-95.494	29.626	-62.44	median	-64.72	-62.44	1204.0	62.89	NAVD88	22
293736095285301	-95.482	29.627	-62.57	mean	-62.57	-63.32	1190.0	58.42	NAVD88	28
293736095365501	-95.617	29.629	-74.35	mean	-74.35	-73.94	1665.0	81.80	NAVD88	4
293741095010101	-95.017	29.628	-31.82	mean	-31.82	-33.78	950.0	10.11	NAVD88	6
293758095365801	-95.616	29.633	-49.42	mean	-49.42	-48.95	930.0	80.31	NAVD88	6
293810095370601	-95.619	29.637	-77.73	mean	-77.73	-77.48	1500.0	80.98	NAVD88	6
293812095380901	-95.636	29.637	-38.60	mean	-38.60	-38.89	549.0	82.75	NAVD88	6
293816095381501	-95.638	29.638	-36.49	median	-36.49	-36.49	250.0	81.09	NAVD88	2
293830095373201	-95.626	29.642	-62.12	median	-62.52	-62.12	1775.0	83.52	NAVD88	6
293831095270901	-95.453	29.642	-60.27	median	-59.64	-60.27	1436.0	60.59	NAVD88	3
293847095270401	-95.451	29.647	-70.18	mean	-70.18	-71.32	1966.0	61.95	NAVD88	4
293847095330601	-95.552	29.647	-59.45	median	-65.50	-59.45	880.0	72.75	NAVD88	24
293848095441601	-95.738	29.647	-27.48	median	-27.48	-27.48	870.0	86.35	NAVD88	1
293849095270702	-95.452	29.647	-39.46	mean	-39.46	-40.47	1267.0	61.96	NAVD88	4
293850095321401	-95.537	29.648	-51.58	mean	-51.58	-48.25	888.0	67.07	NAVD88	11
293855095395501	-95.666	29.649	-66.29	median	-67.55	-66.29	1565.0	80.60	NAVD88	3
293906095171801	-95.289	29.652	-59.07	mean	-59.07	-54.98	1870.0	42.17	NAVD88	15
293909095012201	-95.023	29.653	-30.97	mean	-30.97	-30.65	578.0	14.58	NAVD88	6
293910095135601	-95.233	29.654	-43.47	median	-44.19	-43.47	1170.0	30.10	NAVD88	3
293922095185501	-95.316	29.656	-61.69	median	-65.70	-61.69	1840.0	33.76	NAVD88	19
293934095342201	-95.573	29.660	-73.35	median	-71.90	-73.35	1030.0	77.39	NAVD88	25
293938095351001	-95.586	29.661	-65.83	median	-74.77	-65.83	1102.0	79.70	NAVD88	15
293938095561301	-95.938	29.661	18.23	mean	18.23	18.59	518.0	111.32	NAVD88	4
293941095135001	-95.231	29.662	-44.24	median	-43.45	-44.24	1212.0	28.34	NAVD88	3
293942095124901	-95.213	29.661	-43.63	median	-43.47	-43.63	930.0	31.36	NAVD88	3
293942095283101	-95.474	29.662	-78.05	mean	-78.05	-77.46	1735.0	58.12	NAVD88	19
293946094532701	-94.891	29.663	-24.01	mean	-24.01	-24.16	709.0	23.03	NAVD88	4
293946095441701	-95.738	29.663	-4.19	mean	-4.19	-4.17	528.0	98.79	NAVD88	6
293949095024301	-95.046	29.664	-30.41	median	-30.58	-30.41	585.0	19.54	NAVD88	3
293949095321201	-95.537	29.664	-56.73	median	-56.73	-56.73	955.0	67.49	NAVD88	1
293951095131002	-95.220	29.664	-43.04	median	-43.04	-43.04	1085.0	30.32	NAVD88	1
293951095142102	-95.239	29.664	-50.39	median	-49.89	-50.39	1290.0	29.23	NAVD88	3
293954095330701	-95.552	29.665	-82.19	median	-82.15	-82.19	1030.0	71.88	NAVD88	23
293956095120801	-95.203	29.666	-47.93	mean	-47.93	-48.24	1380.0	30.94	NAVD88	6
293956095295101	-95.498	29.666	-59.24	mean	-59.24	-60.48	1645.0	61.56	NAVD88	9
293959095380401	-95.635	29.667	-48.60	median	-48.33	-48.60	902.0	87.30	NAVD88	3
294002095351001	-95.588	29.667	-67.45	median	-73.72	-67.45	1038.0	81.54	NAVD88	19
294010095350501	-95.584	29.666	-82.84	median	-79.23	-82.84	1012.0	81.25	NAVD88	26
294026095362001	-95.606	29.674	-66.62	median	-69.76	-66.62	1000.0	84.11	NAVD88	23
294029095354301	-95.596	29.675	-63.12	median	-68.05	-63.12	1195.0	82.68	NAVD88	13
294031095554201	-95.929	29.676	15.32	median	12.67	15.32	450.0	105.01	NAVD88	5
294043095504201	-95.845	29.679	2.03	median	1.93	2.03	550.0	106.82	NAVD88	6
294044095280502	-95.468	29.679	-66.60	median	-66.29	-66.60	1492.0	51.64	NAVD88	22
294044095301001	-95.503	29.679	-64.88	median	-71.70	-64.88	1770.0	57.15	NAVD88	12
294045095584201	-95.979	29.679	6.85	mean	6.85	6.87	639.0	114.76	NAVD88	6
294047095345601	-95.582	29.680	-74.02	median	-75.82	-74.02	960.0	80.24	NAVD88	19
294050095355501	-95.599	29.681	-80.05	median	-75.96	-80.05	872.0	80.78	NAVD88	23
294101095122901	-95.208	29.684	-44.93	median	-44.93	-44.93	1565.0	28.45	NAVD88	2
294101095431501	-95.721	29.684	-8.69	median	-8.69	-8.69	336.0	94.97	NAVD88	1
294106095171201	-95.287	29.685	-50.64	mean	-50.64	-51.38	876.0	33.70	NAVD88	6
294106095455401	-95.765	29.685	17.63	median	13.96	17.63	520.0	103.26	NAVD88	4
294112095462501	-95.774	29.687	-36.86	median	-38.20	-36.86	1200.0	108.02	NAVD88	3
294113095361701	-95.605	29.687	-94.55	mean	-94.55	-94.25	1667.0	80.98	NAVD88	20
294113095361702	-95.605	29.687	-78.75	median	-78.72	-78.75	995.0	80.98	NAVD88	23
294119095335601	-95.564	29.692	-84.00	median	-92.40	-84.00	1475.0	71.16	NAVD88	24
294123095585001	-95.981	29.690	22.85	mean	22.85	22.87	367.0	115.39	NAVD88	5
294127095342502	-95.574	29.691	-85.19	median	-88.90	-85.19	1450.0	71.22	NAVD88	13
294131095360701	-95.602	29.692	-71.03	mean	-71.03	-68.87	1650.0	80.50	NAVD88	11
294144095351002	-95.587	29.696	-81.40	median	-83.42	-81.40	1445.0	73.41	NAVD88	23
294144095410001	-95.684	29.696	-36.20	median	-34.94	-36.20	878.0	92.68	NAVD88	3
294145095371201	-95.620	29.696	-79.59	median	-82.40	-79.59	1394.0	81.90	NAVD88	22
294147095344303	-95.579	29.696	-78.02	median	-80.49	-78.02	1407.0	71.37	NAVD88	21
294149095363002	-95.608	29.696	-78.27	median	-83.92	-78.27	1550.0	81.62	NAVD88	11
294158095024701	-95.047	29.700	-30.57	mean	-30.57	-30.84	591.0	25.09	NAVD88	6
294201095355601	-95.599	29.701	-82.25	median	-80.96	-82.25	1621.0	78.33	NAVD88	24
294202095095901	-95.167	29.701	-46.33	median	-46.33	-46.33	1269.0	31.82	NAVD88	2
294206095162601	-95.274	29.702	-52.08	mean	-52.08	-52.72	995.0	31.09	NAVD88	77
294207095022001	-95.039	29.702	-37.39	mean	-37.39	-37.61	989.0	24.43	NAVD88	6
294211095370901	-95.619	29.703	-80.62	median	-84.94	-80.62	1320.0	80.92	NAVD88	21
294213095322001	-95.539	29.704	-69.94	mean	-69.94	-72.57	1510.0	67.89	NAVD88	24
294215095301502	-95.504	29.704	-84.24	median	-84.62	-84.24	1550.0	64.25	NAVD88	23
294216095301601	-95.505	29.705	-50.05	median	-50.05	-50.05	972.0	63.81	NAVD88	2
294218095111401	-95.188	29.705	-46.75	median	-46.75	-46.75	1264.0	26.98	NAVD88	2
294219095470501	-95.787	29.708	-36.40	mean	-36.40	-36.03	1090.0	112.17	NAVD88	6
294219095583601	-95.977	29.706	22.34	mean	22.34	22.25	378.0	116.69	NAVD88	6
294230095232201	-95.390	29.709	-72.12	mean	-72.12	-69.41	1822.0	39.11	NAVD88	21
294237095093202	-95.159	29.711	-33.20	mean	-33.20	-33.09	390.0	27.78	NAVD88	78
294237095093205	-95.159	29.711	-45.28	mean	-45.28	-45.17	1328.0	27.78	NAVD88	78
294237095093206	-95.159	29.711	-45.53	mean	-45.53	-45.53	936.0	27.78	NAVD88	78
294237095093207	-95.159	29.711	-46.90	mean	-46.90	-47.23	1817.0	27.78	NAVD88	78
294237095093208	-95.159	29.711	-44.77	mean	-44.77	-44.83	730.0	27.78	NAVD88	78
294237095342301	-95.573	29.711	-60.89	median	-60.89	-60.89	1080.0	73.40	NAVD88	2
294243095371201	-95.620	29.712	-78.55	median	-80.70	-78.55	1370.0	80.61	NAVD88	24
294245095233501	-95.393	29.713	-69.90	mean	-69.90	-70.70	1777.0	45.14	NAVD88	11
294251095225701	-95.383	29.714	-67.00	mean	-67.00	-64.12	1670.0	42.16	NAVD88	17
294252095362101	-95.606	29.715	-90.31	median	-89.89	-90.31	1610.0	77.67	NAVD88	24
294253095352701	-95.591	29.715	-86.15	mean	-86.15	-86.83	1188.0	73.76	NAVD88	38
294301095341801	-95.572	29.717	-84.28	mean	-84.28	-80.84	1610.0	75.86	NAVD88	11
294302095411801	-95.688	29.718	-12.46	median	-11.48	-12.46	640.0	92.43	NAVD88	6
294306095371801	-95.622	29.719	-82.69	mean	-82.69	-79.50	1305.0	77.20	NAVD88	12
294306095371802	-95.622	29.719	-55.69	mean	-55.69	-53.83	880.0	77.20	NAVD88	24
294311095071401	-95.121	29.720	-44.89	mean	-44.89	-45.04	855.0	20.70	NAVD88	5
294313095365101	-95.614	29.721	-80.10	median	-77.29	-80.10	1122.0	77.60	NAVD88	24
294315095133201	-95.226	29.721	-49.43	median	-49.33	-49.43	940.0	20.54	NAVD88	3
294317095313001	-95.524	29.722	-72.65	mean	-72.65	-75.01	1612.0	68.02	NAVD88	21
294319095305901	-95.517	29.722	-57.31	median	-58.47	-57.31	1469.0	66.58	NAVD88	10
294322095041701	-95.072	29.723	-32.60	mean	-32.60	-33.02	542.0	26.48	NAVD88	4
294323095300102	-95.501	29.723	-85.86	median	-86.66	-85.86	1184.0	65.03	NAVD88	23
294326095133901	-95.228	29.724	-57.84	median	-56.81	-57.84	809.0	13.42	NAVD88	3
294326095293002	-95.492	29.724	-78.98	median	-77.77	-78.98	1397.0	64.21	NAVD88	25
294327095132901	-95.225	29.724	-57.25	median	-57.77	-57.25	940.0	15.32	NAVD88	3
294328095290402	-95.485	29.725	-66.67	mean	-66.67	-66.97	1518.0	61.57	NAVD88	9
294329095284602	-95.480	29.725	-84.17	median	-79.55	-84.17	1505.0	59.50	NAVD88	21
294329095284603	-95.480	29.725	-67.61	mean	-67.61	-67.73	646.0	59.50	NAVD88	23
294333095275602	-95.466	29.726	-90.02	median	-88.12	-90.02	1510.0	57.62	NAVD88	23
294334095032901	-95.058	29.727	-24.80	median	-24.80	-24.80	510.0	11.99	NAVD88	3
294334095075001	-95.131	29.726	-34.03	mean	-34.03	-33.57	510.0	23.71	NAVD88	5
294335095490401	-95.818	29.727	3.04	median	3.08	3.04	536.0	127.51	NAVD88	3
294336095064301	-95.112	29.727	-48.55	median	-52.46	-48.55	1450.0	20.39	NAVD88	5
294336095082101	-95.139	29.727	-42.59	mean	-42.59	-42.62	913.0	29.53	NAVD88	5
294338095270401	-95.451	29.727	-63.64	median	-60.82	-63.64	1051.0	55.93	NAVD88	24
294338095270403	-95.451	29.727	-72.78	mean	-72.78	-73.32	1943.0	55.93	NAVD88	81
294338095270404	-95.451	29.727	-72.30	mean	-72.30	-72.96	1433.0	55.93	NAVD88	78
294338095270405	-95.451	29.727	-35.64	mean	-35.64	-35.45	253.0	55.93	NAVD88	78
294338095270406	-95.451	29.727	-52.93	mean	-52.93	-52.50	627.0	55.93	NAVD88	78
294340095311103	-95.520	29.728	-90.50	median	-89.01	-90.50	1432.0	68.07	NAVD88	22
294341095063901	-95.111	29.728	-55.29	mean	-55.29	-57.89	501.0	21.25	NAVD88	5
294342095034601	-95.063	29.729	-32.62	mean	-32.62	-32.73	560.0	21.93	NAVD88	4
294348095270401	-95.451	29.730	-83.19	median	-87.56	-83.19	1965.0	56.16	NAVD88	20
294348095303702	-95.511	29.728	-73.53	median	-79.34	-73.53	1335.0	64.81	NAVD88	20
294349095072901	-95.125	29.731	-33.84	mean	-33.84	-34.06	530.0	24.12	NAVD88	5
294351095130401	-95.218	29.731	-31.05	mean	-31.05	-31.25	802.0	17.39	NAVD88	6
294352095385501	-95.649	29.731	-76.82	median	-90.23	-76.82	1420.0	89.19	NAVD88	21
294355095380701	-95.636	29.732	-52.35	mean	-52.35	-48.66	1066.0	82.37	NAVD88	26
294356095391501	-95.654	29.733	-38.53	median	-41.13	-38.53	800.0	91.71	NAVD88	24
294358095063801	-95.111	29.733	-39.59	mean	-39.59	-38.85	502.0	19.67	NAVD88	5
294400095505301	-95.848	29.734	14.30	mean	14.30	14.32	628.0	139.41	NAVD88	6
294400095510801	-95.853	29.734	6.93	median	6.50	6.93	818.0	140.98	NAVD88	6
294402095294701	-95.497	29.734	-58.48	median	-58.43	-58.48	610.0	64.37	NAVD88	22
294402095294702	-95.497	29.734	-84.67	median	-83.28	-84.67	1960.0	64.37	NAVD88	22
294403095141801	-95.239	29.734	-52.55	mean	-52.55	-52.53	1201.0	27.36	NAVD88	6
294407095403701	-95.688	29.718	-14.47	median	-14.05	-14.47	471.0	93.37	NAVD88	6
294409095105501	-95.182	29.736	-52.21	median	-57.33	-52.21	1967.0	20.57	NAVD88	4
294410095105101	-95.181	29.736	-56.85	mean	-56.85	-52.20	1220.0	20.60	NAVD88	5
294414095364202	-95.612	29.738	-97.10	median	-100.61	-97.10	1322.0	79.77	NAVD88	25
294415095165301	-95.282	29.738	-51.20	mean	-51.20	-52.53	900.0	15.02	NAVD88	6
294418095550901	-95.919	29.739	12.31	mean	12.31	12.59	583.0	157.33	NAVD88	6
294424095100401	-95.168	29.740	-49.51	median	-51.62	-49.51	1740.0	8.29	NAVD88	5
294425095101601	-95.171	29.741	-48.27	median	-50.01	-48.27	1252.0	9.29	NAVD88	5
294426095330501	-95.552	29.741	-58.75	median	-65.88	-58.75	750.0	72.03	NAVD88	18
294428095384501	-95.646	29.741	-70.45	median	-73.81	-70.45	1314.0	89.73	NAVD88	18
294433095044701	-95.080	29.743	-25.02	mean	-25.02	-24.99	256.0	18.40	NAVD88	8
294445095141101	-95.237	29.746	-49.07	mean	-49.07	-49.62	1350.0	27.39	NAVD88	6
294451095370301	-95.618	29.748	-83.82	mean	-83.82	-83.22	1173.0	83.35	NAVD88	10
294452095354501	-95.596	29.748	-94.46	mean	-94.46	-92.77	1450.0	78.37	NAVD88	16
294456095341101	-95.570	29.749	-74.73	median	-84.05	-74.73	1345.0	73.49	NAVD88	7
294458095044601	-95.080	29.750	-29.95	mean	-29.95	-30.46	521.0	21.80	NAVD88	6
294459095343801	-95.578	29.750	-104.98	median	-111.34	-104.98	1356.0	76.53	NAVD88	9
294500095073401	-95.127	29.751	-46.73	mean	-46.73	-46.96	1230.0	23.38	NAVD88	4
294501095343601	-95.577	29.751	-76.17	median	-84.89	-76.17	967.0	76.30	NAVD88	21
294504094553601	-94.925	29.751	-19.38	mean	-19.38	-18.92	402.0	17.96	NAVD88	5
294511095513001	-95.858	29.753	3.16	median	3.16	3.16	460.0	143.48	NAVD88	2
294514095515501	-95.866	29.754	8.56	median	8.56	8.56	346.0	146.65	NAVD88	1
294517095084101	-95.145	29.755	-49.01	mean	-49.01	-49.44	1140.0	23.62	NAVD88	4
294518095254801	-95.430	29.755	-49.34	median	-50.77	-49.34	1227.0	49.81	NAVD88	6
294518095392901	-95.658	29.755	-18.76	mean	-18.76	-19.84	678.0	92.81	NAVD88	6
294518095393401	-95.660	29.755	-17.12	median	-17.34	-17.12	583.0	92.81	NAVD88	6
294519095383201	-95.634	29.766	-60.74	median	-66.41	-60.74	1316.0	86.08	NAVD88	23
294521094545901	-94.916	29.756	-21.49	mean	-21.49	-20.73	409.0	16.13	NAVD88	5
294523094544401	-94.912	29.756	-20.94	mean	-20.94	-20.17	403.0	17.94	NAVD88	5
294527095014901	-95.031	29.758	-27.14	mean	-27.14	-27.27	512.0	24.12	NAVD88	78
294527095014905	-95.031	29.758	-25.67	mean	-25.67	-25.98	324.0	24.12	NAVD88	78
294527095014910	-95.031	29.758	-27.20	mean	-27.20	-26.97	431.0	23.87	NAVD88	77
294527095014911	-95.031	29.758	-29.45	mean	-29.45	-29.74	1475.0	23.87	NAVD88	78
294527095014912	-95.031	29.758	-37.06	mean	-37.06	-37.45	1365.0	24.12	NAVD88	78
294529095371801	-95.622	29.758	-66.00	mean	-66.00	-66.77	1220.0	85.36	NAVD88	11
294538095344601	-95.579	29.761	-33.78	mean	-33.78	-32.53	467.0	74.39	NAVD88	6
294540095510401	-95.851	29.761	8.50	median	8.50	8.50	421.0	142.10	NAVD88	2
294541095232901	-95.392	29.762	-77.19	median	-82.86	-77.19	1644.0	22.12	NAVD88	20
294545095223801	-95.377	29.763	-73.19	median	-96.00	-73.19	2020.0	38.90	NAVD88	23
294548095372801	-95.625	29.764	-76.23	mean	-76.23	-75.67	1190.0	85.90	NAVD88	13
294548095481401	-95.805	29.762	-31.87	mean	-31.87	-31.96	1022.0	129.05	NAVD88	6
294558095344301	-95.579	29.766	-37.20	mean	-37.20	-39.30	767.0	66.24	NAVD88	6
294601095041901	-95.074	29.767	-27.15	mean	-27.15	-27.16	462.0	24.30	NAVD88	5
294601095225801	-95.383	29.767	-80.23	median	-80.33	-80.23	1960.0	44.67	NAVD88	22
294602095092403	-95.157	29.767	-30.03	mean	-30.03	-30.14	210.0	24.21	NAVD88	5
294602095092405	-95.157	29.767	-31.36	mean	-31.36	-31.28	310.0	24.21	NAVD88	5
294604095144801	-95.247	29.768	-49.58	mean	-49.58	-51.36	895.0	31.86	NAVD88	5
294605095383001	-95.642	29.768	-88.52	mean	-88.52	-86.35	1305.0	80.45	NAVD88	23
294607095492201	-95.822	29.769	-22.25	mean	-22.25	-22.28	664.0	131.55	NAVD88	6
294613095172601	-95.291	29.771	-50.32	mean	-50.32	-51.91	676.0	41.72	NAVD88	5
294619095142701	-95.242	29.773	-50.56	mean	-50.56	-51.39	1007.0	29.41	NAVD88	5
294627095375801	-95.637	29.754	-91.95	mean	-91.95	-84.93	1135.0	88.95	NAVD88	17
294637095022901	-95.042	29.777	-26.80	mean	-26.80	-27.14	500.0	24.07	NAVD88	5
294645095104401	-95.179	29.779	-46.93	mean	-46.93	-47.07	1220.0	26.09	NAVD88	5
294651095303301	-95.509	29.781	-90.39	mean	-90.39	-88.64	1570.0	68.06	NAVD88	6
294656095382501	-95.641	29.782	-93.43	mean	-93.43	-91.24	1170.0	92.67	NAVD88	23
294702095394001	-95.664	29.783	-84.73	median	-88.93	-84.73	1288.0	94.05	NAVD88	23
294707095372201	-95.624	29.786	-62.74	median	-72.07	-62.74	1670.0	60.64	NAVD88	22
294708095363201	-95.609	29.786	-69.63	median	-82.66	-69.63	1140.0	82.93	NAVD88	14
294712095401301	-95.671	29.787	-85.98	mean	-85.98	-84.38	1394.0	97.78	NAVD88	20
294714094382001	-94.639	29.788	3.84	median	3.71	3.84	350.0	20.00	NAVD88	4
294717095401001	-95.670	29.788	-90.89	mean	-90.89	-86.66	1641.0	99.08	NAVD88	24
294721095283201	-95.476	29.789	-75.37	mean	-75.37	-78.02	1665.0	65.78	NAVD88	11
294721095361001	-95.603	29.789	-91.31	median	-96.43	-91.31	1135.0	84.34	NAVD88	22
294722095165901	-95.283	29.790	-52.23	mean	-52.23	-52.23	897.0	37.81	NAVD88	5
294723095370501	-95.618	29.790	-110.18	mean	-110.18	-106.45	1712.0	90.60	NAVD88	24
294723095382601	-95.641	29.790	-90.94	mean	-90.94	-89.09	1238.0	94.15	NAVD88	20
294724095351401	-95.587	29.790	-121.24	median	-115.30	-121.24	1575.0	90.91	NAVD88	17
294726095351102	-95.586	29.791	-91.81	median	-90.23	-91.81	1802.0	91.06	NAVD88	81
294726095351104	-95.587	29.791	-23.85	mean	-23.85	-24.02	237.0	90.16	NAVD88	71
294728095200102	-95.334	29.791	-69.75	mean	-69.75	-68.50	1596.0	46.01	NAVD88	78
294728095200103	-95.334	29.791	-48.07	mean	-48.07	-47.99	487.0	46.01	NAVD88	80
294728095200104	-95.334	29.791	-57.40	mean	-57.40	-57.67	1035.0	46.01	NAVD88	78
294728095200105	-95.334	29.791	-31.33	mean	-31.33	-31.49	298.0	46.01	NAVD88	78
294731095414201	-95.694	29.788	-82.65	mean	-82.65	-80.30	1336.0	108.90	NAVD88	20
294732095103401	-95.177	29.794	-43.67	mean	-43.67	-45.41	1198.0	29.72	NAVD88	5
294735095344001	-95.578	29.793	-110.34	median	-114.23	-110.34	1374.0	89.97	NAVD88	17
294742095160101	-95.267	29.795	-52.88	median	-52.88	-52.88	934.0	34.59	NAVD88	1
294747095444701	-95.747	29.797	-54.49	mean	-54.49	-55.65	1210.0	125.97	NAVD88	5
294752095242102	-95.406	29.798	-81.55	median	-83.94	-81.55	1465.0	62.45	NAVD88	22
294753095454001	-95.762	29.797	-53.21	mean	-53.21	-52.19	1170.0	133.10	NAVD88	6
294800095344101	-95.578	29.800	-114.55	mean	-114.55	-112.07	1165.0	91.40	NAVD88	24
294803095105701	-95.183	29.801	-47.67	mean	-47.67	-47.55	1160.0	31.65	NAVD88	5
294807095484901	-95.819	29.803	3.96	mean	3.96	4.01	240.0	146.98	NAVD88	6
294808095485401	-95.820	29.802	-24.07	mean	-24.07	-24.35	710.0	146.00	NAVD88	6
294812095013001	-95.025	29.804	-24.98	mean	-24.98	-24.93	498.0	31.35	NAVD88	4
294815095201701	-95.338	29.805	-69.98	mean	-69.98	-71.69	2080.0	44.96	NAVD88	10
294816095242501	-95.407	29.805	-85.99	median	-87.55	-85.99	1890.0	61.73	NAVD88	25
294820095342002	-95.573	29.806	-109.11	mean	-109.11	-112.05	1573.0	94.23	NAVD88	12
294826095104101	-95.178	29.807	0.54	median	0.54	0.54	380.0	31.51	NAVD88	2
294836095241902	-95.406	29.810	-79.44	median	-78.78	-79.44	1455.0	63.75	NAVD88	25
294844095200901	-95.336	29.812	-69.63	mean	-69.63	-72.30	1980.0	47.42	NAVD88	10
294844095342401	-95.574	29.812	-112.99	median	-103.68	-112.99	1556.0	94.47	NAVD88	12
294849095022801	-95.041	29.814	-25.05	mean	-25.05	-24.82	480.0	35.12	NAVD88	5
294855095542001	-95.906	29.816	16.79	median	15.93	16.79	653.0	164.89	NAVD88	4
294900095312101	-95.523	29.817	-95.38	median	-94.03	-95.38	1451.0	84.54	NAVD88	22
294901095221001	-95.370	29.817	-52.89	mean	-52.89	-52.88	1152.0	61.62	NAVD88	45
294902095133501	-95.227	29.817	-53.75	mean	-53.75	-55.49	1429.0	32.01	NAVD88	5
294909095121101	-95.203	29.819	-45.59	median	-45.59	-45.59	1193.0	32.29	NAVD88	1
294909095200301	-95.334	29.819	-79.50	median	-80.33	-79.50	1839.0	51.32	NAVD88	22
294916095314601	-95.530	29.821	-109.19	median	-113.50	-109.19	1454.0	88.44	NAVD88	24
294921095312907	-95.525	29.823	-58.54	median	-60.26	-58.54	734.0	85.16	NAVD88	26
294924095024301	-95.046	29.824	-21.80	mean	-21.80	-21.77	510.0	39.35	NAVD88	5
294925095341201	-95.570	29.825	-115.03	median	-111.71	-115.03	1528.0	96.44	NAVD88	20
294930095125401	-95.215	29.825	-55.44	mean	-55.44	-54.88	1500.0	34.97	NAVD88	5
294931095240801	-95.403	29.826	-78.17	median	-76.28	-78.17	1880.0	68.85	NAVD88	25
294932094551401	-94.921	29.826	-21.14	mean	-21.14	-21.18	375.0	26.28	NAVD88	4
294932095132601	-95.224	29.826	-67.59	mean	-67.59	-67.63	1548.0	34.84	NAVD88	5
294948095441001	-95.736	29.830	0.82	median	0.82	0.82	359.0	136.55	NAVD88	2
294950095313701	-95.527	29.831	-92.77	median	-89.13	-92.77	1485.0	89.81	NAVD88	20
294950095313702	-95.527	29.831	-126.38	median	-128.22	-126.38	1513.0	89.81	NAVD88	19
294952095342601	-95.574	29.831	-107.94	mean	-107.94	-107.23	1200.0	98.58	NAVD88	24
294953095065601	-95.116	29.832	4.73	median	4.73	4.73	1575.0	39.25	NAVD88	1
294959095405501	-95.683	29.834	-66.16	mean	-66.16	-66.12	1075.0	115.76	NAVD88	6
295001094544401	-94.912	29.834	-26.97	mean	-26.97	-27.66	922.0	25.25	NAVD88	6
295001095240302	-95.401	29.834	-75.14	median	-82.29	-75.14	1290.0	66.75	NAVD88	22
295003095063901	-95.111	29.834	-76.66	median	-76.66	-76.66	1510.0	38.71	NAVD88	1
295005095070301	-95.118	29.835	-76.50	median	-61.41	-76.50	1527.0	39.22	NAVD88	3
295005095071301	-95.121	29.835	-45.36	mean	-45.36	-45.13	1570.0	39.41	NAVD88	4
295019095240801	-95.403	29.839	-90.01	median	-88.03	-90.01	1770.0	65.64	NAVD88	24
295019095332701	-95.558	29.839	-97.73	mean	-97.73	-102.68	1280.0	99.51	NAVD88	14
295020095332801	-95.558	29.839	-105.96	mean	-105.96	-102.96	1062.0	100.65	NAVD88	21
295027095312301	-95.523	29.841	-118.50	median	-120.64	-118.50	1475.0	88.74	NAVD88	23
295029095200101	-95.334	29.842	-69.29	mean	-69.29	-71.01	1940.0	64.99	NAVD88	10
295044095565201	-95.948	29.846	11.99	mean	11.99	11.73	1064.0	180.04	NAVD88	6
295048095240801	-95.403	29.847	-91.41	mean	-91.41	-91.20	1820.0	68.80	NAVD88	23
295050095274201	-95.462	29.848	-84.90	mean	-84.90	-88.00	1120.0	70.11	NAVD88	13
295101095140601	-95.236	29.851	-57.78	mean	-57.78	-55.19	1285.0	42.98	NAVD88	21
295111095174301	-95.296	29.853	-48.31	mean	-48.31	-48.00	835.0	46.78	NAVD88	9
295116095200401	-95.335	29.855	-73.72	median	-73.72	-73.72	1986.0	57.31	NAVD88	2
295130095241201	-95.404	29.859	-82.39	mean	-82.39	-82.20	1675.0	76.98	NAVD88	20
295150095254601	-95.431	29.864	-88.66	median	-91.21	-88.66	1520.0	84.74	NAVD88	24
295155095282401	-95.474	29.866	-94.39	mean	-94.39	-93.97	1152.0	73.96	NAVD88	24
295201095173201	-95.293	29.867	-48.17	mean	-48.17	-49.26	870.0	57.39	NAVD88	14
295203095261401	-95.438	29.867	-107.03	median	-109.46	-107.03	1635.0	86.21	NAVD88	22
295204095261301	-95.438	29.867	-92.12	median	-93.69	-92.12	1075.0	84.99	NAVD88	23
295207095262102	-95.436	29.869	-58.30	median	-58.05	-58.30	565.0	83.92	NAVD88	25
295212095054401	-95.096	29.870	-37.56	mean	-37.56	-37.09	1712.0	23.83	NAVD88	4
295213095532101	-95.889	29.871	22.05	mean	22.05	21.61	767.0	177.15	NAVD88	5
295216095034001	-95.061	29.871	-40.54	median	-35.44	-40.54	272.0	44.25	NAVD88	5
295216095434001	-95.730	29.872	-42.77	mean	-42.77	-42.32	870.0	139.85	NAVD88	5
295218095060501	-95.102	29.872	-34.41	mean	-34.41	-33.16	1593.0	42.50	NAVD88	4
295218095572701	-95.958	29.872	20.75	mean	20.75	20.26	839.0	185.66	NAVD88	6
295226095071801	-95.122	29.874	-38.67	mean	-38.67	-37.74	1625.0	45.27	NAVD88	4
295228095065101	-95.115	29.875	-30.51	mean	-30.51	-30.43	1628.0	47.84	NAVD88	4
295228095262901	-95.442	29.875	-81.94	median	-76.63	-81.94	1668.0	86.67	NAVD88	25
295228095263101	-95.442	29.874	-112.50	median	-113.81	-112.50	1661.0	86.10	NAVD88	25
295229095062701	-95.108	29.875	-38.50	mean	-38.50	-36.33	1568.0	44.82	NAVD88	4
295229095074101	-95.128	29.876	-39.23	mean	-39.23	-38.45	1608.0	46.46	NAVD88	4
295235095340001	-95.567	29.877	-93.72	mean	-93.72	-93.05	1030.0	105.83	NAVD88	21
295235095414301	-95.692	29.876	-62.27	mean	-62.27	-64.94	967.0	131.44	NAVD88	6
295240095375601	-95.632	29.877	-122.85	median	-127.76	-122.85	1369.0	119.72	NAVD88	17
295243095383101	-95.641	29.879	-106.86	mean	-106.86	-103.88	1379.0	123.04	NAVD88	13
295246095351301	-95.587	29.880	-108.87	median	-109.10	-108.87	1509.0	110.82	NAVD88	23
295247095344701	-95.580	29.880	-90.58	median	-98.01	-90.58	1480.0	107.72	NAVD88	24
295249095364701	-95.613	29.880	-133.27	mean	-133.27	-131.11	1438.0	119.06	NAVD88	25
295249095370701	-95.618	29.880	-84.16	mean	-84.16	-88.39	1080.0	119.87	NAVD88	13
295251095264502	-95.446	29.881	-90.97	mean	-90.97	-91.03	1698.0	86.36	NAVD88	23
295252095300401	-95.501	29.881	-92.37	median	-92.79	-92.37	952.0	87.02	NAVD88	27
295254095361901	-95.606	29.883	-126.78	median	-134.11	-126.78	1444.0	117.03	NAVD88	23
295258095354201	-95.595	29.883	-118.17	median	-122.08	-118.17	1480.0	114.80	NAVD88	15
295259095065401	-95.115	29.883	-29.05	median	-31.37	-29.05	1560.0	46.81	NAVD88	4
295301095393901	-95.661	29.884	-67.03	mean	-67.03	-68.91	1145.0	127.94	NAVD88	6
295306095270502	-95.451	29.885	-94.95	mean	-94.95	-94.33	1480.0	85.71	NAVD88	22
295312095173301	-95.293	29.887	-47.62	mean	-47.62	-47.33	1111.0	61.25	NAVD88	5
295316095562801	-95.941	29.888	19.96	median	19.11	19.96	1002.0	190.89	NAVD88	6
295323095294501	-95.496	29.890	-93.16	mean	-93.16	-89.44	1064.0	94.47	NAVD88	27
295339095383201	-95.642	29.894	-67.10	mean	-67.10	-67.47	990.0	123.76	NAVD88	6
295411095174601	-95.296	29.905	-60.79	mean	-60.79	-62.05	1085.0	62.66	NAVD88	9
295424095240001	-95.400	29.907	-43.35	median	-43.35	-43.35	390.0	80.00	NAVD88	2
295442095542401	-95.907	29.912	38.35	mean	38.35	37.74	810.0	185.85	NAVD88	6
295449095084102	-95.145	29.914	-39.80	mean	-39.80	-40.03	1503.0	53.82	NAVD88	77
295449095084103	-95.145	29.914	-34.96	mean	-34.96	-35.41	699.0	53.82	NAVD88	77
295449095084104	-95.145	29.914	-36.47	mean	-36.47	-36.51	1048.0	53.82	NAVD88	77
295449095084105	-95.146	29.913	-35.58	mean	-35.58	-35.69	1940.0	51.98	NAVD88	76
295451095083901	-95.144	29.914	-29.95	mean	-29.95	-29.99	540.0	57.11	NAVD88	7
295505095462201	-95.773	29.918	8.53	median	8.83	8.53	565.0	158.90	NAVD88	6
295508095401001	-95.669	29.919	-96.30	median	-96.30	-96.30	1232.0	139.05	NAVD88	1
295518095240201	-95.401	29.922	-80.89	median	-80.89	-80.89	855.0	82.16	NAVD88	1
295518095240302	-95.401	29.922	-88.33	median	-93.56	-88.33	1264.0	82.32	NAVD88	18
295522095291902	-95.487	29.925	-31.91	mean	-31.91	-32.20	456.0	102.69	NAVD88	6
295529095043501	-95.080	29.925	-28.96	mean	-28.96	-28.85	976.0	43.99	NAVD88	5
295544095462401	-95.774	29.929	13.90	mean	13.90	14.11	968.0	159.85	NAVD88	6
295553095191201	-95.319	29.932	-75.24	mean	-75.24	-74.48	1680.0	71.74	NAVD88	22
295555095344601	-95.579	29.932	-99.56	median	-99.56	-99.56	1206.0	122.11	NAVD88	1
295558095442301	-95.740	29.933	-18.64	median	-17.97	-18.64	1160.0	152.61	NAVD88	6
295605095184701	-95.314	29.935	-41.83	median	-45.05	-41.83	1108.0	72.25	NAVD88	11
295611095240201	-95.404	29.937	-85.16	mean	-85.16	-86.38	1440.0	87.36	NAVD88	6
295614095242201	-95.408	29.937	-79.89	mean	-79.89	-81.38	1082.0	86.47	NAVD88	16
295616095170101	-95.284	29.938	-40.11	median	-43.74	-40.11	600.0	67.12	NAVD88	22
295616095170201	-95.284	29.938	-39.68	mean	-39.68	-39.70	762.0	66.93	NAVD88	23
295616095195802	-95.333	29.938	-34.95	mean	-34.95	-36.27	500.0	76.13	NAVD88	5
295616095195803	-95.333	29.938	-39.11	mean	-39.11	-38.79	545.0	76.13	NAVD88	5
295619095171001	-95.287	29.939	-68.29	mean	-68.29	-65.47	1120.0	66.80	NAVD88	23
295619095324701	-95.547	29.939	-48.69	median	-48.69	-48.69	710.0	116.95	NAVD88	2
295624095370801	-95.619	29.940	-54.43	mean	-54.43	-55.20	945.0	131.92	NAVD88	6
295624095370802	-95.619	29.940	-49.35	median	-49.35	-49.35	672.0	131.92	NAVD88	2
295630094500001	-94.833	29.945	-7.20	median	-7.20	-7.20	240.0	48.76	NAVD88	1
295631095315001	-95.531	29.942	-66.61	mean	-66.61	-66.84	734.0	117.40	NAVD88	4
295633095324401	-95.546	29.943	-67.14	mean	-67.14	-66.83	703.0	118.43	NAVD88	6
295644095261001	-95.437	29.946	-91.76	mean	-91.76	-89.49	1050.0	94.31	NAVD88	25
295646095324601	-95.546	29.946	-73.30	mean	-73.30	-73.45	772.0	119.08	NAVD88	6
295650095322301	-95.540	29.948	-67.78	mean	-67.78	-68.81	673.0	120.04	NAVD88	6
295651095083501	-95.138	29.946	-31.36	mean	-31.36	-30.74	512.0	60.06	NAVD88	5
295703095245101	-95.416	29.961	-89.59	mean	-89.59	-87.73	1434.0	90.34	NAVD88	23
295704095320301	-95.535	29.953	-74.89	mean	-74.89	-73.20	795.0	115.88	NAVD88	23
295705095235501	-95.399	29.963	-88.55	mean	-88.55	-85.31	1475.0	87.76	NAVD88	16
295705095320201	-95.535	29.953	-76.44	mean	-76.44	-75.24	784.0	116.28	NAVD88	27
295709096013101	-96.026	29.953	38.50	mean	38.50	38.38	1404.0	175.79	NAVD88	6
295711095330201	-95.551	29.953	-72.85	median	-74.29	-72.85	730.0	119.99	NAVD88	26
295722095372001	-95.622	29.957	-49.25	mean	-49.25	-48.66	895.0	134.83	NAVD88	6
295723095340201	-95.557	29.963	-75.54	median	-79.95	-75.54	1020.0	122.32	NAVD88	27
295754095324901	-95.547	29.971	-69.80	median	-71.62	-69.80	824.0	123.83	NAVD88	27
295758095251701	-95.425	29.976	-73.41	median	-78.07	-73.41	1335.0	100.19	NAVD88	20
295813095343801	-95.578	29.971	-72.66	median	-69.65	-72.66	1000.0	127.84	NAVD88	6
295817095065501	-95.118	29.972	-17.07	mean	-17.07	-17.02	555.0	64.46	NAVD88	5
295831095530801	-95.886	29.976	35.85	mean	35.85	36.15	1007.0	219.39	NAVD88	6
295840095525901	-95.882	29.979	54.40	mean	54.40	54.22	680.0	216.23	NAVD88	6
295842095361201	-95.603	29.979	-54.31	mean	-54.31	-55.20	1185.0	130.81	NAVD88	6
295845095304101	-95.512	29.979	-65.23	mean	-65.23	-65.67	802.0	122.94	NAVD88	5
295850095201301	-95.338	29.980	-72.78	mean	-72.78	-70.89	1545.0	89.83	NAVD88	24
295855095204301	-95.346	29.982	-79.68	mean	-79.68	-76.92	1540.0	88.86	NAVD88	23
295910095443501	-95.743	29.986	31.91	median	30.11	31.91	499.0	155.36	NAVD88	6
295915095194001	-95.329	29.988	-70.87	median	-77.06	-70.87	1630.0	89.40	NAVD88	25
295915095311301	-95.521	29.988	-64.94	mean	-64.94	-66.06	788.0	122.94	NAVD88	5
295924095450601	-95.754	29.990	6.84	median	1.87	6.84	885.0	159.61	NAVD88	6
295929095432201	-95.723	29.991	-56.18	median	-56.18	-56.18	1166.0	157.26	NAVD88	1
295932095514701	-95.863	29.992	29.35	mean	29.35	28.74	1320.0	213.95	NAVD88	6
295957095460901	-95.769	29.999	15.44	mean	15.44	15.41	247.0	195.34	NAVD88	5
300007095354701	-95.596	30.002	-1.65	median	-0.48	-1.65	305.0	139.30	NAVD88	5
300013094580901	-94.969	30.004	-9.14	median	-9.33	-9.14	837.0	67.06	NAVD88	6
300018095225701	-95.384	30.008	-57.98	mean	-57.98	-57.82	990.0	94.06	NAVD88	6
300020094584601	-94.980	30.006	-5.25	median	-5.23	-5.25	800.0	66.26	NAVD88	5
300037095084802	-95.147	30.011	-34.07	mean	-34.07	-32.28	1205.0	68.26	NAVD88	6
300050095275301	-95.464	30.014	-77.82	mean	-77.82	-75.48	1165.0	117.69	NAVD88	6
300053095292601	-95.493	30.014	-90.49	mean	-90.49	-92.20	1180.0	108.59	NAVD88	7
300056095335601	-95.566	30.016	-47.38	mean	-47.38	-48.15	962.0	139.58	NAVD88	5
300101095211301	-95.354	30.017	-11.26	median	-11.26	-11.26	346.0	83.81	NAVD88	2
300108095270201	-95.451	30.019	-62.63	mean	-62.63	-63.09	1020.0	114.80	NAVD88	6
300111095132302	-95.222	30.019	-32.67	median	-33.59	-32.67	666.0	55.61	NAVD88	23
300120095063601	-95.110	30.023	-10.56	mean	-10.56	-10.66	367.0	68.72	NAVD88	4
300122095063601	-95.110	30.023	-28.19	median	-28.30	-28.19	1080.0	69.08	NAVD88	10
300123095264501	-95.446	30.023	-64.56	mean	-64.56	-64.21	1030.0	111.45	NAVD88	6
300133095065101	-95.115	30.027	-20.71	mean	-20.71	-20.70	1010.0	68.11	NAVD88	10
300146095241801	-95.405	30.030	-50.44	mean	-50.44	-50.43	560.0	87.10	NAVD88	6
300146095510402	-95.851	30.030	34.22	mean	34.22	34.70	332.0	223.97	NAVD88	6
300157095292501	-95.491	30.033	-82.54	mean	-82.54	-81.43	1063.0	123.47	NAVD88	6
300211095350102	-95.584	30.037	-7.62	median	-8.79	-7.62	600.0	150.29	NAVD88	3
300214094535401	-94.898	30.037	-4.18	median	-4.18	-4.18	385.0	75.34	NAVD88	1
300223095142101	-95.240	30.040	-30.64	mean	-30.64	-30.91	410.0	85.91	NAVD88	6
300223095143001	-95.240	30.040	-36.05	median	-37.83	-36.05	1012.0	84.72	NAVD88	12
300225095144202	-95.250	30.041	-42.86	median	-44.22	-42.86	965.0	87.49	NAVD88	12
300231095113701	-95.190	30.046	-34.58	median	-35.33	-34.58	918.0	54.45	NAVD88	19
300239095212601	-95.358	30.044	-45.40	mean	-45.40	-45.11	725.0	83.21	NAVD88	6
300239095431101	-95.720	30.044	21.79	median	21.79	21.79	250.0	185.80	NAVD88	1
300242094565701	-94.949	30.045	-4.94	median	-5.36	-4.94	940.0	77.42	NAVD88	6
300248095105301	-95.177	30.050	-34.23	median	-37.41	-34.23	1136.0	53.57	NAVD88	19
300249095355701	-95.599	30.047	-37.57	mean	-37.57	-38.24	550.0	161.38	NAVD88	4
300251095265401	-95.448	30.049	-89.82	mean	-89.82	-90.22	1074.0	103.90	NAVD88	6
300254094531801	-94.888	30.049	-10.66	mean	-10.66	-10.77	1314.0	82.41	NAVD88	6
300258095145301	-95.243	30.066	-26.35	mean	-26.35	-25.58	1046.0	83.89	NAVD88	10
300301095361301	-95.604	30.051	-4.80	median	-6.03	-4.80	530.0	158.42	NAVD88	3
300302095113301	-95.189	30.054	-45.81	median	-39.91	-45.81	1044.0	59.21	NAVD88	19
300308095071401	-95.121	30.052	-9.69	median	-13.90	-9.69	570.0	66.75	NAVD88	23
300308095071402	-95.121	30.052	-10.00	median	-11.03	-10.00	503.0	66.75	NAVD88	23
300312095221601	-95.371	30.054	-43.44	mean	-43.44	-44.20	615.0	100.49	NAVD88	6
300318095553401	-95.926	30.055	29.55	median	29.97	29.55	558.0	250.32	NAVD88	3
300321095060201	-95.097	30.057	-18.41	median	-21.89	-18.41	1014.0	70.60	NAVD88	20
300324094473501	-94.793	30.057	-0.03	median	-0.03	-0.03	651.0	28.49	NAVD88	1
300331095092201	-95.156	30.059	-22.74	mean	-22.74	-21.77	900.0	66.32	NAVD88	5
300332095054301	-95.096	30.059	-21.41	median	-24.64	-21.41	1032.0	70.92	NAVD88	25
300332095553601	-95.927	30.059	31.84	median	30.28	31.84	533.0	256.69	NAVD88	3
300334095113401	-95.189	30.063	-34.35	median	-35.88	-34.35	1100.0	72.18	NAVD88	18
300334095253802	-95.427	30.059	-29.49	median	-29.49	-29.49	385.0	114.88	NAVD88	1
300342095282201	-95.473	30.062	-86.58	median	-89.04	-86.58	1122.0	128.96	NAVD88	3
300343095090301	-95.153	30.065	-28.28	median	-39.70	-28.28	1130.0	53.76	NAVD88	15
300355095093501	-95.160	30.066	-22.23	mean	-22.23	-21.79	1160.0	66.73	NAVD88	6
300359095122902	-95.208	30.067	-30.13	median	-39.68	-30.13	832.0	70.80	NAVD88	20
300403095125402	-95.216	30.082	-26.27	median	-30.07	-26.27	839.0	77.26	NAVD88	20
300408095115201	-95.198	30.069	-31.71	median	-37.06	-31.71	1060.0	74.70	NAVD88	20
300408095485701	-95.816	30.069	49.39	mean	49.39	50.06	1160.0	246.50	NAVD88	6
300413095002201	-95.007	30.071	-7.93	median	-9.25	-7.93	1017.0	84.45	NAVD88	6
300417094404801	-94.680	30.072	7.54	median	7.40	7.54	1180.0	69.81	NAVD88	6
300419095154301	-95.262	30.071	-53.00	median	-63.28	-53.00	1465.0	86.65	NAVD88	24
300419095591101	-95.987	30.072	13.43	mean	13.43	13.37	645.0	276.02	NAVD88	4
300426095123902	-95.213	30.074	-30.68	median	-35.34	-30.68	827.0	78.03	NAVD88	19
300446095121901	-95.204	30.081	-49.58	median	-46.98	-49.58	1190.0	74.08	NAVD88	18
300457095245801	-95.416	30.083	16.74	mean	16.74	16.79	225.0	120.56	NAVD88	6
300507095280201	-95.468	30.086	-70.07	mean	-70.07	-70.66	1000.0	136.53	NAVD88	5
300521095365101	-95.614	30.089	18.58	mean	18.58	18.51	412.0	180.75	NAVD88	6
300524095593201	-95.992	30.090	10.42	median	10.42	10.42	656.0	254.57	NAVD88	1
300534095112801	-95.191	30.093	-14.33	median	-14.33	-14.33	900.0	78.86	NAVD88	1
300542096045401	-96.082	30.095	33.63	mean	33.63	33.37	732.0	236.28	NAVD88	5
300543095592001	-95.989	30.095	11.36	median	12.38	11.36	576.0	284.54	NAVD88	4
300544095231501	-95.388	30.096	-70.87	median	-70.87	-70.87	1182.0	100.87	NAVD88	1
300544095590701	-95.985	30.096	12.98	median	12.21	12.98	587.0	285.26	NAVD88	4
300547095583901	-95.977	30.096	13.11	median	12.95	13.11	600.0	281.38	NAVD88	4
300547095593802	-95.994	30.096	15.68	median	14.98	15.68	572.0	257.39	NAVD88	3
300551095330401	-95.551	30.098	-36.18	median	-33.59	-36.18	1022.0	134.35	NAVD88	6
300556095304101	-95.512	30.099	-9.73	median	-11.78	-9.73	833.0	142.73	NAVD88	6
300556095590901	-95.986	30.099	13.73	median	13.04	13.73	585.0	268.73	NAVD88	4
300602095145501	-95.249	30.101	-15.82	median	-15.82	-15.82	770.0	97.75	NAVD88	1
300624095302001	-95.506	30.107	-6.28	median	-6.25	-6.28	386.0	144.93	NAVD88	6
300624095302002	-95.506	30.107	-4.81	median	-5.12	-4.81	385.0	144.93	NAVD88	6
300637095240801	-95.402	30.112	-18.21	median	-18.21	-18.21	506.0	105.45	NAVD88	1
300641095003101	-95.009	30.112	3.46	median	1.61	3.46	1006.0	81.93	NAVD88	6
300647095245201	-95.414	30.113	-17.16	median	-17.16	-17.16	300.0	106.64	NAVD88	1
300658095443101	-95.742	30.116	43.78	median	43.78	43.78	298.0	227.50	NAVD88	1
300712095165601	-95.282	30.120	6.41	median	6.41	6.41	262.0	104.68	NAVD88	1
300717095463601	-95.777	30.121	45.76	median	45.76	45.76	204.0	201.61	NAVD88	1
300720095005201	-95.014	30.122	7.23	median	4.37	7.23	580.0	86.15	NAVD88	6
300720095165701	-95.283	30.122	-12.36	median	-13.30	-12.36	285.0	108.59	NAVD88	4
300731095270701	-95.452	30.126	-71.90	mean	-71.90	-73.67	910.0	123.17	NAVD88	6
300732095292101	-95.491	30.125	-78.50	mean	-78.50	-77.84	870.0	126.65	NAVD88	6
300736095000701	-95.002	30.127	-3.04	median	-2.10	-3.04	1015.0	85.30	NAVD88	6
300739095265601	-95.449	30.128	-69.31	median	-62.80	-69.31	1017.0	123.39	NAVD88	5
300740095262701	-95.441	30.128	-75.66	mean	-75.66	-76.97	996.0	116.71	NAVD88	6
300741095262601	-95.441	30.128	-11.99	median	-12.28	-11.99	500.0	121.31	NAVD88	5
300742095244301	-95.412	30.131	-8.48	median	-8.48	-8.48	425.0	111.16	NAVD88	1
300748094554501	-94.931	30.131	2.74	median	2.82	2.74	401.0	96.49	NAVD88	6
300753095285801	-95.483	30.132	-5.53	median	-5.53	-5.53	500.0	126.65	NAVD88	1
300754095451101	-95.753	30.132	43.72	median	43.72	43.72	204.0	231.04	NAVD88	1
300756095000601	-95.002	30.133	-3.42	median	-3.55	-3.42	1040.0	87.19	NAVD88	6
300801095393701	-95.661	30.134	-34.76	median	-34.76	-34.76	642.0	189.23	NAVD88	1
300806095130201	-95.217	30.135	-6.88	median	-6.88	-6.88	660.0	103.84	NAVD88	1
300811095291702	-95.492	30.138	-79.91	mean	-79.91	-82.37	1180.0	138.08	NAVD88	6
300816095274701	-95.463	30.140	-70.31	median	-75.24	-70.31	944.0	135.58	NAVD88	8
300822095284201	-95.479	30.141	-66.78	mean	-66.78	-66.18	1052.0	134.60	NAVD88	9
300826095270801	-95.452	30.141	-2.96	median	-2.96	-2.96	570.0	134.17	NAVD88	1
300831095142201	-95.239	30.142	-9.26	median	-9.26	-9.26	590.0	114.81	NAVD88	1
300831095173401	-95.292	30.142	-3.47	median	-3.47	-3.47	560.0	113.69	NAVD88	1
300838095244701	-95.413	30.144	-3.97	median	-3.97	-3.97	558.0	116.74	NAVD88	1
300849095143301	-95.243	30.147	-3.71	median	-3.71	-3.71	600.0	110.41	NAVD88	1
300857094400101	-94.667	30.149	11.60	mean	11.60	11.72	624.0	69.65	NAVD88	5
300906095392001	-95.656	30.152	43.02	median	43.02	43.02	261.0	198.77	NAVD88	1
300907095182301	-95.306	30.152	-1.35	median	-1.35	-1.35	516.0	117.22	NAVD88	1
300920095271402	-95.454	30.156	-72.07	mean	-72.07	-69.53	1025.0	141.71	NAVD88	7
300925095132501	-95.224	30.157	-0.93	median	-0.93	-0.93	620.0	98.25	NAVD88	1
300925095264501	-95.446	30.157	-66.31	mean	-66.31	-67.81	1010.0	129.74	NAVD88	5
300927095264401	-95.446	30.158	-66.70	mean	-66.70	-66.44	998.0	130.36	NAVD88	6
300928095324401	-95.546	30.158	23.55	median	22.73	23.55	327.0	145.55	NAVD88	3
300932094005301	-94.015	30.159	-9.09	median	-9.09	-9.09	495.0	26.00	NGVD29	2
300954095421101	-95.703	30.165	48.41	median	48.41	48.41	210.0	246.16	NAVD88	1
300956095263001	-95.442	30.166	-64.78	mean	-64.78	-64.79	1014.0	136.43	NAVD88	6
301007095303001	-95.508	30.169	-70.89	mean	-70.89	-67.73	1052.0	165.85	NAVD88	8
301033095300602	-95.502	30.175	-70.45	median	-69.58	-70.45	1030.0	163.83	NAVD88	8
301034095283802	-95.477	30.176	-68.26	mean	-68.26	-66.63	1000.0	134.68	NAVD88	7
301039095092901	-95.158	30.177	-14.98	median	-14.98	-14.98	1315.0	107.38	NAVD88	1
301103095334302	-95.563	30.185	-51.81	mean	-51.81	-51.22	906.0	180.68	NAVD88	6
301108095293201	-95.492	30.185	-61.73	mean	-61.73	-61.89	1005.0	156.70	NAVD88	8
301135095290102	-95.477	30.194	-58.89	mean	-58.89	-59.17	1094.0	141.49	NAVD88	6
301136095212101	-95.356	30.193	-7.30	median	-7.30	-7.30	462.0	143.46	NAVD88	1
301153095243201	-95.409	30.198	-32.34	mean	-32.34	-32.59	809.0	117.54	NAVD88	6
301215095255401	-95.432	30.204	18.91	median	18.90	18.91	265.0	122.83	NAVD88	3
301218095445401	-95.749	30.205	0.42	median	-1.07	0.42	662.0	272.91	NAVD88	5
301220095305502	-95.515	30.206	-52.53	median	-57.76	-52.53	1064.0	193.55	NAVD88	9
301225095315902	-95.533	30.207	-47.01	median	-49.57	-47.01	1120.0	176.34	NAVD88	8
301228095272501	-95.457	30.208	-54.78	median	-54.78	-54.78	807.0	129.25	NAVD88	1
301234094112801	-94.191	30.210	-16.16	median	-16.16	-16.16	800.0	25.00	NGVD29	2
301234095255801	-95.433	30.209	-49.81	median	-49.81	-49.81	820.0	125.76	NAVD88	1
301234095255802	-95.433	30.209	21.60	median	21.60	21.60	256.0	126.11	NAVD88	1
301237094012301	-94.023	30.210	-3.19	median	-3.62	-3.19	380.0	26.00	NGVD29	3
301256095270401	-95.451	30.216	-51.50	mean	-51.50	-50.73	1000.0	126.93	NAVD88	6
301258095323502	-95.543	30.216	-40.46	median	-45.94	-40.46	976.0	193.48	NAVD88	5
301309095313001	-95.525	30.219	-44.38	median	-48.64	-44.38	890.0	172.84	NAVD88	8
301316094114601	-94.196	30.221	-21.48	median	-21.48	-21.48	795.0	26.00	NGVD29	2
301350095383801	-95.644	30.231	42.02	median	42.02	42.02	208.0	213.56	NAVD88	1
301355095093801	-95.161	30.232	14.14	median	14.14	14.14	484.0	123.60	NAVD88	1
301358095343301	-95.576	30.233	38.41	median	38.41	38.41	270.0	212.84	NAVD88	1
301358095343302	-95.576	30.233	-43.26	median	-43.26	-43.26	1004.0	212.84	NAVD88	1
301408094442201	-94.741	30.237	14.95	mean	14.95	14.79	1150.0	94.93	NAVD88	6
301411094432601	-94.724	30.237	14.73	mean	14.73	14.49	660.0	89.10	NAVD88	5
301412094114001	-94.195	30.237	-16.57	median	-16.13	-16.57	448.0	35.00	NGVD29	3
301420095093201	-95.159	30.239	14.55	median	14.55	14.55	440.0	126.04	NAVD88	1
301426094123701	-94.210	30.241	-7.99	median	-7.99	-7.99	780.0	40.00	NGVD29	2
301445096020901	-96.036	30.246	41.76	mean	41.76	42.01	293.0	264.78	NAVD88	6
301452094123801	-94.211	30.248	-21.58	median	-19.06	-21.58	796.0	43.00	NGVD29	3
301505095343701	-95.577	30.251	40.14	median	40.14	40.14	200.0	166.09	NAVD88	1
301516095264301	-95.446	30.255	-35.30	mean	-35.30	-35.08	702.0	125.93	NAVD88	6
301518095494001	-95.828	30.255	73.62	mean	73.62	73.56	267.0	304.20	NAVD88	6
301535094053501	-94.093	30.260	-5.30	median	-5.30	-5.30	468.0	30.00	NGVD29	3
301537094051301	-94.087	30.260	-10.79	median	-10.96	-10.79	1250.0	35.00	NGVD29	3
301554094120201	-94.201	30.265	-2.75	median	-4.48	-2.75	463.0	55.00	NGVD29	3
301608094582401	-94.974	30.269	25.67	mean	25.67	26.48	627.0	127.85	NAVD88	6
301614095284201	-95.478	30.271	-32.22	median	-32.22	-32.22	710.0	135.98	NAVD88	2
301839094573500	-94.960	30.311	20.53	median	20.19	20.53	500.0	132.52	NAVD88	3
301839094575201	-94.965	30.311	21.56	mean	21.56	21.35	347.0	134.96	NAVD88	4
301840094574501	-94.961	30.311	20.40	median	20.52	20.40	469.0	132.91	NAVD88	3
301853095180701	-95.302	30.315	27.94	median	27.22	27.94	345.0	186.32	NAVD88	6
301904095414801	-95.697	30.318	31.96	median	31.24	31.96	389.0	307.56	NAVD88	6
301924094585601	-94.983	30.324	21.74	mean	21.74	21.84	523.0	137.71	NAVD88	4
301931095145301	-95.248	30.325	37.95	median	37.95	37.95	210.0	182.41	NAVD88	1
301938094585501	-94.982	30.322	21.73	median	21.73	21.73	530.0	137.26	NAVD88	2
301948095030701	-95.052	30.330	25.94	mean	25.94	25.79	400.0	137.44	NAVD88	4
301948095290002	-95.484	30.330	47.39	mean	47.39	47.50	261.0	238.76	NAVD88	6
302030094091601	-94.155	30.342	-8.17	median	-8.30	-8.17	920.0	80.00	NGVD29	3
302039095050501	-95.085	30.344	25.82	median	25.47	25.82	833.0	157.46	NAVD88	3
302040095050701	-95.086	30.345	24.46	mean	24.46	24.90	845.0	158.04	NAVD88	6
302053094100601	-94.169	30.348	-6.25	median	-6.77	-6.25	842.0	80.00	NGVD29	3
302055094041301	-94.070	30.349	4.16	median	4.01	4.16	1295.0	45.00	NGVD29	3
302055094041302	-94.070	30.349	-53.51	median	-53.57	-53.51	1295.0	45.00	NGVD29	3
302100094104102	-94.178	30.350	-12.18	median	-12.88	-12.18	900.0	80.00	NGVD29	3
302138094035302	-94.065	30.361	4.78	median	4.78	4.78	390.0	47.00	NGVD29	2
302154094590701	-94.985	30.366	40.06	mean	40.06	40.03	502.0	153.24	NAVD88	4
302156095001501	-95.004	30.366	41.09	mean	41.09	41.16	452.0	151.23	NAVD88	6
302301095194301	-95.329	30.384	28.41	median	28.41	28.41	570.0	267.83	NAVD88	1
302323095194201	-95.328	30.390	27.75	median	27.75	27.75	600.0	281.87	NAVD88	1
302331095283101	-95.476	30.392	48.61	mean	48.61	48.84	520.0	306.66	NAVD88	4
302353094593701	-94.994	30.399	38.98	mean	38.98	39.59	835.0	159.42	NAVD88	6
302422094563403	-94.964	30.408	21.02	median	21.02	21.02	370.0	160.42	NAVD88	2
302429094575101	-94.964	30.408	21.79	mean	21.79	21.52	287.0	160.42	NAVD88	4
302434094574101	-94.962	30.409	21.24	mean	21.24	21.42	365.0	163.56	NAVD88	4
302436095263501	-95.443	30.410	42.16	median	42.16	42.16	350.0	295.63	NAVD88	1
302511095300001	-95.505	30.420	44.53	mean	44.53	46.94	336.0	376.32	NAVD88	5
302952095234001	-95.395	30.498	56.03	mean	56.03	59.87	400.0	398.75	NAVD88	6
303000095002001	-95.010	30.498	17.49	median	17.49	17.49	490.0	173.18	NAVD88	1
304200094492801	-94.825	30.702	57.42	median	57.42	57.42	356.0	315.00	NGVD29	1
