Well_ID	Longitude	Latitude	GWLm	method	mean	median	well_constructed_depth	altitude	vertical_datum	Counts
285537095214001	-95.362	28.927	-8.22	mean	-8.22	-8.41	224.0	4.85	NAVD88	4
285654095215101	-95.364	28.949	-8.72	mean	-8.72	-8.83	249.0	4.91	NAVD88	5
285655095172302	-95.290	28.949	-10.95	median	-10.95	-10.95	300.0	4.91	NAVD88	2
285744095212102	-95.356	28.962	-6.21	median	-6.21	-6.21	258.0	4.91	NAVD88	2
285749095162201	-95.273	28.964	-12.63	median	-10.92	-12.63	300.0	4.91	NAVD88	3
285919095344701	-95.581	28.989	-11.62	mean	-11.62	-11.63	506.0	13.66	NAVD88	5
290000095192601	-95.324	29.000	-12.37	median	-12.37	-12.37	236.0	4.88	NAVD88	1
290000095192602	-95.325	29.000	-12.38	mean	-12.38	-12.47	232.0	4.98	NAVD88	5
290213095240501	-95.401	29.037	-8.05	median	-8.05	-8.05	212.0	15.78	NAVD88	2
290214095421101	-95.703	29.037	-0.83	median	-0.83	-0.83	226.0	34.23	NAVD88	2
290346095243601	-95.410	29.063	-7.75	median	-7.75	-7.75	340.0	14.03	NAVD88	2
290834095384201	-95.645	29.143	-11.15	mean	-11.15	-11.12	659.0	34.28	NAVD88	5
290939095480601	-95.802	29.161	3.03	median	3.03	3.03	500.0	49.97	NAVD88	1
291138095261501	-95.438	29.194	-12.74	mean	-12.74	-12.12	819.0	29.96	NAVD88	5
291201095200701	-95.336	29.201	-8.07	mean	-8.07	-8.19	960.0	14.20	NAVD88	5
291210095484001	-95.811	29.203	1.60	median	1.90	1.60	473.0	55.15	NAVD88	5
291305095352201	-95.589	29.220	-10.84	median	-9.96	-10.84	867.0	35.01	NAVD88	5
291344095205101	-95.348	29.229	-3.04	median	-1.44	-3.04	304.0	23.84	NAVD88	5
291359095113401	-95.193	29.233	-13.45	median	-13.45	-13.45	898.0	13.38	NAVD88	2
291510095405201	-95.683	29.253	-6.73	median	-6.73	-6.73	887.0	60.00	NAVD88	1
291545095202401	-95.341	29.263	-6.88	mean	-6.88	-7.02	514.0	26.00	NAVD88	5
291859095152601	-95.257	29.317	-16.79	median	-13.34	-16.79	350.0	24.77	NAVD88	5
291919095485101	-95.814	29.322	5.09	mean	5.09	5.04	871.0	74.75	NAVD88	6
291948095135401	-95.232	29.330	-17.05	mean	-17.05	-17.07	400.0	20.41	NAVD88	5
291949095024801	-95.047	29.331	-13.67	mean	-13.67	-13.83	756.0	19.74	NAVD88	6
292037095010501	-95.018	29.344	-12.69	mean	-12.69	-12.81	1080.0	14.01	NAVD88	6
292054095171901	-95.289	29.349	-12.20	median	-13.16	-12.20	473.0	29.75	NAVD88	5
292054095371301	-95.621	29.349	-11.45	mean	-11.45	-11.57	874.0	57.42	NAVD88	6
292138095435801	-95.733	29.361	-1.77	median	-1.77	-1.77	1195.0	74.80	NAVD88	2
292146095410301	-95.684	29.363	-10.04	median	-9.98	-10.04	1158.0	69.39	NAVD88	5
292204095281301	-95.471	29.368	-12.66	mean	-12.66	-12.72	923.0	50.08	NAVD88	5
292207094544001	-94.911	29.369	-11.83	mean	-11.83	-11.66	645.0	6.65	NAVD88	6
292208095042701	-95.074	29.369	-15.42	mean	-15.42	-15.46	775.0	19.53	NAVD88	6
292218095390801	-95.653	29.372	-11.31	mean	-11.31	-11.51	1155.0	70.01	NAVD88	5
292233094541501	-94.904	29.376	-9.82	mean	-9.82	-9.63	771.0	10.45	NAVD88	6
292246095553601	-95.927	29.380	8.38	mean	8.38	8.35	363.0	86.54	NAVD88	7
292303094553201	-94.926	29.384	-11.50	mean	-11.50	-11.38	728.0	13.44	NAVD88	6
292314094563001	-94.942	29.387	-8.64	mean	-8.64	-8.64	702.0	9.99	NAVD88	6
292324094573801	-94.961	29.390	-12.26	mean	-12.26	-12.31	737.0	9.76	NAVD88	6
292335095133501	-95.226	29.393	-28.01	median	-28.01	-28.01	728.0	38.69	NAVD88	2
292337094542801	-94.908	29.394	-11.67	mean	-11.67	-11.56	772.0	9.86	NAVD88	6
292338095063601	-95.110	29.394	-20.36	mean	-20.36	-20.37	870.0	27.82	NAVD88	6
292354095505301	-95.848	29.398	6.23	mean	6.23	6.04	518.0	90.01	NAVD88	6
292359095501601	-95.838	29.400	7.15	median	7.15	7.15	435.0	92.24	NAVD88	1
292403095052601	-95.091	29.401	-20.36	mean	-20.36	-20.34	771.0	25.88	NAVD88	6
292439094553101	-94.926	29.411	-13.75	mean	-13.75	-13.70	785.0	6.03	NAVD88	6
292443095045201	-95.081	29.412	-21.06	mean	-21.06	-21.00	781.0	24.94	NAVD88	6
292456095560101	-95.934	29.416	13.14	mean	13.14	12.92	564.0	95.08	NAVD88	7
292458094534201	-94.895	29.416	-5.11	mean	-5.11	-5.12	210.0	5.30	NAVD88	24
292458094534202	-94.895	29.416	-7.76	mean	-7.76	-7.75	302.0	5.30	NAVD88	24
292458094534203	-94.895	29.416	-8.74	mean	-8.74	-8.75	400.0	5.30	NAVD88	24
292458094534204	-94.895	29.416	-12.44	mean	-12.44	-12.43	535.0	5.30	NAVD88	24
292458094534205	-94.895	29.416	-13.14	mean	-13.14	-13.12	1060.0	5.30	NAVD88	24
292458094534206	-94.895	29.416	-12.62	mean	-12.62	-12.61	800.0	5.87	NAVD88	72
292459095451901	-95.756	29.417	8.88	mean	8.88	8.72	636.0	73.58	NAVD88	6
292534095044501	-95.079	29.426	-21.87	mean	-21.87	-21.63	810.0	21.27	NAVD88	6
292535095151801	-95.255	29.427	-34.81	median	-34.81	-34.81	690.0	42.44	NAVD88	2
292548094565601	-94.949	29.430	-10.66	mean	-10.66	-11.08	692.0	4.98	NAVD88	6
292603095150901	-95.253	29.435	-34.21	mean	-34.21	-34.01	702.0	42.66	NAVD88	5
292605095571301	-95.954	29.435	13.41	mean	13.41	13.02	590.0	94.92	NAVD88	7
292619095060601	-95.102	29.439	-24.12	mean	-24.12	-23.84	750.0	16.77	NAVD88	6
292841094584901	-94.984	29.481	-18.86	mean	-18.86	-18.82	660.0	10.71	NAVD88	5
292848094590001	-94.981	29.478	-19.38	mean	-19.38	-19.40	651.0	10.42	NAVD88	5
292859095380501	-95.635	29.483	-21.73	median	-24.52	-21.73	853.0	67.91	NAVD88	6
292900094585501	-94.983	29.483	-19.50	mean	-19.50	-18.86	664.0	12.66	NAVD88	5
292903095375501	-95.632	29.484	-14.78	median	-16.17	-14.78	702.0	72.84	NAVD88	6
292913094584301	-94.979	29.487	-19.99	mean	-19.99	-20.36	666.0	11.49	NAVD88	5
292923095091601	-95.155	29.490	-28.43	mean	-28.43	-28.21	730.0	27.72	NAVD88	6
292927095195801	-95.333	29.491	-14.82	median	-16.10	-14.82	480.0	55.98	NAVD88	5
292935094583301	-94.978	29.492	-20.62	mean	-20.62	-20.26	670.0	11.47	NAVD88	5
292936096012701	-96.024	29.494	19.53	mean	19.53	18.50	324.0	111.42	NAVD88	7
292941094563001	-94.942	29.495	-14.60	mean	-14.60	-14.64	670.0	9.81	NAVD88	6
292944095550101	-95.917	29.496	2.42	median	2.36	2.42	975.0	108.40	NAVD88	8
292951095335201	-95.565	29.498	-8.40	median	-8.61	-8.40	375.0	59.80	NAVD88	7
292953095460301	-95.768	29.498	-16.80	mean	-16.80	-17.51	1097.0	80.75	NAVD88	5
293000095171201	-95.256	29.550	-36.41	mean	-36.41	-36.87	620.0	44.70	NAVD88	5
293001095274601	-95.463	29.501	-19.12	mean	-19.12	-18.73	524.0	63.21	NAVD88	6
293005095151801	-95.255	29.515	-28.11	mean	-28.11	-28.16	591.0	40.74	NAVD88	5
293006095492501	-95.824	29.502	-18.85	mean	-18.85	-19.27	1402.0	93.17	NAVD88	5
293007096002001	-96.006	29.502	18.12	mean	18.12	18.12	270.0	111.49	NAVD88	7
293043095053301	-95.093	29.512	-29.13	mean	-29.13	-28.87	710.0	15.54	NAVD88	6
293107095280001	-95.467	29.519	-42.08	mean	-42.08	-42.97	1398.0	67.17	NAVD88	5
293113095220001	-95.370	29.521	-20.98	median	-21.28	-20.98	370.0	62.37	NAVD88	3
293114096001001	-96.003	29.521	18.58	mean	18.58	18.23	304.0	114.97	NAVD88	7
293132095283301	-95.476	29.526	-40.89	mean	-40.89	-40.37	1320.0	72.49	NAVD88	7
293140095325001	-95.547	29.528	-43.42	mean	-43.42	-45.79	1300.0	54.29	NAVD88	5
293156094515501	-94.866	29.532	-16.62	mean	-16.62	-16.60	683.0	0.00	NAVD88	5
293202095070301	-95.118	29.533	-31.24	mean	-31.24	-31.29	645.0	20.65	NAVD88	5
293219095485701	-95.816	29.539	-19.43	median	-19.81	-19.43	1313.0	99.48	NAVD88	7
293222095020301	-95.034	29.540	-29.66	mean	-29.66	-28.77	590.0	6.86	NAVD88	5
293226095471601	-95.788	29.541	-32.52	mean	-32.52	-33.13	1580.0	94.17	NAVD88	7
293237095504801	-95.847	29.544	-20.05	mean	-20.05	-19.56	1178.0	102.96	NAVD88	7
293243095165201	-95.281	29.546	-40.88	mean	-40.88	-39.78	830.0	47.71	NAVD88	5
293245095414801	-95.697	29.546	-21.16	mean	-21.16	-21.36	840.0	81.17	NAVD88	7
293246095072501	-95.125	29.547	-23.41	median	-26.84	-23.41	694.0	21.14	NAVD88	5
293247095054601	-95.096	29.546	-30.75	mean	-30.75	-30.98	680.0	16.22	NAVD88	5
293253095141001	-95.236	29.548	-36.00	mean	-36.00	-36.31	617.0	37.85	NAVD88	5
293306095050801	-95.084	29.552	-29.22	mean	-29.22	-29.43	680.0	12.12	NAVD88	5
293306095054101	-95.096	29.552	-28.36	mean	-28.36	-28.48	770.0	19.65	NAVD88	70
293312095334601	-95.561	29.553	-42.16	mean	-42.16	-41.73	1065.0	70.28	NAVD88	7
293314095474702	-95.796	29.553	-29.30	mean	-29.30	-28.85	1604.0	101.33	NAVD88	7
293321095311401	-95.521	29.556	-42.03	median	-43.81	-42.03	1100.0	74.19	NAVD88	7
293321095550901	-95.922	29.561	13.55	mean	13.55	13.74	770.0	110.65	NAVD88	5
293332095411301	-95.687	29.559	-60.89	mean	-60.89	-62.66	1942.0	70.47	NAVD88	7
293338095451901	-95.756	29.561	4.81	median	4.37	4.81	500.0	92.31	NAVD88	7
293340095400501	-95.667	29.561	-61.65	mean	-61.65	-63.44	1964.0	70.65	NAVD88	7
293342095333601	-95.560	29.561	-41.58	median	-43.23	-41.58	1074.0	70.18	NAVD88	7
293344095082301	-95.140	29.563	-31.68	mean	-31.68	-32.44	635.0	32.37	NAVD88	5
293348095070601	-95.119	29.564	-31.86	mean	-31.86	-31.77	1232.0	18.93	NAVD88	23
293348095070602	-95.119	29.564	-25.83	mean	-25.83	-26.15	392.0	18.93	NAVD88	21
293348095070603	-95.119	29.564	-32.08	mean	-32.08	-31.90	957.0	18.93	NAVD88	23
293349095070901	-95.119	29.564	-36.95	mean	-36.95	-36.92	1740.0	19.68	NAVD88	68
293351095171602	-95.288	29.564	-42.42	mean	-42.42	-41.80	645.0	47.17	NAVD88	4
293352095011601	-95.021	29.565	-27.93	mean	-27.93	-27.86	1381.0	8.28	NAVD88	72
293352095011602	-95.021	29.565	-27.90	mean	-27.90	-27.84	1381.0	8.05	NAVD88	24
293352095011603	-95.021	29.565	-27.00	mean	-27.00	-27.10	1308.0	8.05	NAVD88	24
293352095011605	-95.021	29.565	-17.98	mean	-17.98	-17.98	300.0	8.05	NAVD88	24
293352095011606	-95.021	29.565	-27.70	mean	-27.70	-27.91	920.0	8.05	NAVD88	24
293356095405901	-95.683	29.566	-57.66	mean	-57.66	-58.48	1784.0	72.65	NAVD88	7
293357095070801	-95.119	29.566	-31.47	mean	-31.47	-31.62	630.0	19.77	NAVD88	5
293401095054301	-95.095	29.567	-30.52	mean	-30.52	-30.59	629.0	16.23	NAVD88	5
293401095293002	-95.492	29.401	-12.46	median	-12.23	-12.46	537.0	60.09	NAVD88	5
293416095170701	-95.286	29.572	-39.64	median	-39.32	-39.64	1300.0	46.07	NAVD88	3
293424095330701	-95.552	29.574	-44.41	mean	-44.41	-43.49	1200.0	65.75	NAVD88	7
293424095330702	-95.552	29.573	-45.79	mean	-45.79	-44.38	1320.0	67.65	NAVD88	7
293431095341801	-95.575	29.581	-43.27	mean	-43.27	-41.11	1188.0	68.63	NAVD88	4
293434095311501	-95.521	29.576	-42.07	median	-44.48	-42.07	1308.0	76.21	NAVD88	7
293446095033901	-95.061	29.580	-29.02	mean	-29.02	-29.18	660.0	15.15	NAVD88	5
293453095283501	-95.477	29.582	-45.34	mean	-45.34	-42.76	565.0	68.44	NAVD88	6
293455095375701	-95.633	29.582	-23.22	mean	-23.22	-22.84	463.0	70.03	NAVD88	8
293458095454301	-95.762	29.583	-3.01	median	-3.02	-3.01	518.0	90.75	NAVD88	7
293458095454501	-95.763	29.583	-1.94	median	-1.99	-1.94	431.0	90.13	NAVD88	7
293506095481101	-95.803	29.585	4.74	mean	4.74	4.92	305.0	88.36	NAVD88	6
293512095330301	-95.551	29.587	-43.98	mean	-43.98	-41.95	1110.0	71.48	NAVD88	7
293523095483701	-95.810	29.590	-6.28	mean	-6.28	-6.52	659.0	90.07	NAVD88	4
293523095483702	-95.810	29.590	0.79	median	1.02	0.79	460.0	90.08	NAVD88	4
293527095271501	-95.454	29.591	-45.48	mean	-45.48	-45.11	1050.0	61.46	NAVD88	6
293528095515701	-95.869	29.592	14.59	mean	14.59	14.41	422.0	116.27	NAVD88	6
293539095054201	-95.098	29.593	-30.34	mean	-30.34	-30.41	610.0	17.28	NAVD88	5
293543095274901	-95.464	29.596	-60.68	median	-61.25	-60.68	1220.0	63.26	NAVD88	12
293546095374901	-95.631	29.596	-61.20	mean	-61.20	-61.91	1724.0	71.26	NAVD88	7
293606095555301	-95.932	29.602	17.52	mean	17.52	17.48	292.0	111.36	NAVD88	4
293628095312801	-95.524	29.607	-45.38	median	-47.66	-45.38	1256.0	72.32	NAVD88	6
293635095294101	-95.495	29.610	-48.19	median	-48.19	-48.19	1220.0	67.41	NAVD88	2
293636095300401	-95.501	29.610	-47.66	median	-47.66	-47.66	1032.0	66.41	NAVD88	2
293641095545001	-95.914	29.612	17.96	mean	17.96	17.88	438.0	114.91	NAVD88	6
293643095355901	-95.600	29.612	-41.65	mean	-41.65	-40.85	900.0	71.22	NAVD88	4
293648095394601	-95.663	29.614	-14.96	median	-14.71	-14.96	407.0	76.31	NAVD88	7
293652095293601	-95.494	29.615	-47.89	median	-47.89	-47.89	1190.0	66.26	NAVD88	2
293717095380501	-95.638	29.622	-36.19	mean	-36.19	-35.94	1565.0	81.05	NAVD88	7
293719095381601	-95.637	29.622	-38.75	median	-38.08	-38.75	876.0	81.35	NAVD88	3
293720095381101	-95.634	29.622	-35.24	mean	-35.24	-35.88	1025.0	75.02	NAVD88	5
293729095440301	-95.734	29.617	-23.89	mean	-23.89	-24.39	1410.0	80.00	NAVD88	7
293730095443301	-95.743	29.625	-3.17	median	-3.28	-3.17	314.0	83.77	NAVD88	7
293732095300601	-95.502	29.626	-52.55	median	-60.17	-52.55	1200.0	66.00	NAVD88	10
293734095283801	-95.477	29.626	-80.30	median	-70.69	-80.30	1050.0	58.97	NAVD88	3
293734095293701	-95.494	29.626	-51.61	median	-56.49	-51.61	1204.0	62.89	NAVD88	10
293734095303801	-95.511	29.626	-93.42	median	-79.06	-93.42	1040.0	68.65	NAVD88	3
293736095285301	-95.482	29.627	-51.53	median	-53.25	-51.53	1190.0	58.42	NAVD88	10
293736095365501	-95.617	29.629	-71.13	mean	-71.13	-72.29	1665.0	81.80	NAVD88	7
293740095410201	-95.684	29.628	-59.61	mean	-59.61	-61.80	1500.0	81.66	NAVD88	5
293810095370601	-95.619	29.637	-77.70	mean	-77.70	-76.88	1500.0	80.98	NAVD88	6
293812095380901	-95.636	29.637	-37.22	mean	-37.22	-37.02	549.0	82.75	NAVD88	5
293830095373201	-95.626	29.642	-39.90	mean	-39.90	-39.16	1775.0	83.52	NAVD88	7
293848095441601	-95.738	29.647	-22.92	median	-22.98	-22.92	870.0	86.35	NAVD88	7
293906095171801	-95.289	29.652	-48.40	median	-48.40	-48.40	1870.0	42.17	NAVD88	1
293909095012201	-95.023	29.653	-28.09	mean	-28.09	-28.31	578.0	14.58	NAVD88	6
293910095135601	-95.233	29.654	-38.15	mean	-38.15	-37.54	1170.0	30.10	NAVD88	5
293921095441601	-95.738	29.656	-45.37	median	-44.50	-45.37	1370.0	86.67	NAVD88	7
293922095185501	-95.316	29.656	-51.84	median	-51.84	-51.84	1840.0	33.76	NAVD88	1
293932095342201	-95.573	29.659	-32.51	median	-41.12	-32.51	717.0	79.46	NAVD88	3
293933095342101	-95.573	29.659	-79.18	median	-80.63	-79.18	1758.0	77.59	NAVD88	11
293934095342201	-95.573	29.660	-51.12	median	-54.68	-51.12	1030.0	77.39	NAVD88	11
293938095351001	-95.586	29.661	-52.62	median	-80.72	-52.62	1102.0	79.70	NAVD88	11
293941095135001	-95.231	29.662	-39.57	mean	-39.57	-39.06	1212.0	28.34	NAVD88	5
293942095124901	-95.213	29.661	-41.19	mean	-41.19	-40.10	930.0	31.36	NAVD88	5
293942095283101	-95.474	29.662	-69.40	median	-70.98	-69.40	1735.0	58.12	NAVD88	10
293949095024301	-95.046	29.664	-28.61	mean	-28.61	-28.70	585.0	19.54	NAVD88	6
293954095330701	-95.552	29.665	-51.75	mean	-51.75	-53.72	1030.0	71.88	NAVD88	4
293956095120801	-95.203	29.666	-41.57	mean	-41.57	-41.46	1380.0	30.94	NAVD88	6
293956095295101	-95.498	29.666	-48.21	median	-48.21	-48.21	1645.0	61.56	NAVD88	2
293959095380401	-95.635	29.667	-36.76	mean	-36.76	-36.07	902.0	87.30	NAVD88	7
294002095351001	-95.588	29.667	-47.32	median	-52.26	-47.32	1038.0	81.54	NAVD88	10
294004095404901	-95.680	29.668	-66.61	mean	-66.61	-68.38	1470.0	93.65	NAVD88	4
294010095350501	-95.584	29.666	-45.66	median	-47.12	-45.66	1012.0	81.25	NAVD88	10
294029095354301	-95.596	29.675	-48.82	median	-59.06	-48.82	1195.0	82.68	NAVD88	10
294031095554201	-95.929	29.676	12.10	mean	12.10	12.21	450.0	105.01	NAVD88	6
294044095280502	-95.468	29.679	-53.49	median	-58.59	-53.49	1492.0	51.64	NAVD88	11
294044095301001	-95.503	29.679	-73.32	median	-73.59	-73.32	1770.0	57.15	NAVD88	12
294047095345601	-95.582	29.680	-49.68	median	-55.57	-49.68	960.0	80.24	NAVD88	11
294050095355501	-95.599	29.681	-41.18	mean	-41.18	-41.19	872.0	80.78	NAVD88	6
294101095431501	-95.721	29.684	-15.94	median	-15.94	-15.94	336.0	94.97	NAVD88	1
294106095171201	-95.287	29.685	-45.44	mean	-45.44	-44.99	876.0	33.70	NAVD88	6
294112095462501	-95.774	29.687	-44.97	median	-48.63	-44.97	1200.0	108.02	NAVD88	7
294113095361701	-95.605	29.687	-78.35	median	-86.47	-78.35	1667.0	80.98	NAVD88	9
294113095361702	-95.605	29.687	-52.89	median	-64.02	-52.89	995.0	80.98	NAVD88	10
294119095335601	-95.564	29.692	-72.18	median	-80.60	-72.18	1475.0	71.16	NAVD88	10
294127095342502	-95.574	29.691	-73.80	median	-79.14	-73.80	1450.0	71.22	NAVD88	7
294131095360701	-95.602	29.692	-55.21	median	-59.21	-55.21	1650.0	80.50	NAVD88	11
294134095470301	-95.784	29.693	-52.86	mean	-52.86	-50.00	1265.0	113.93	NAVD88	5
294140095425701	-95.716	29.694	-19.88	mean	-19.88	-20.19	727.0	92.44	NAVD88	4
294142095515301	-95.865	29.695	3.69	median	3.94	3.69	494.0	136.65	NAVD88	5
294144095351002	-95.587	29.696	-54.53	median	-57.61	-54.53	1445.0	73.41	NAVD88	11
294144095410001	-95.684	29.696	-30.19	median	-29.86	-30.19	878.0	92.68	NAVD88	7
294145095371201	-95.620	29.696	-44.83	mean	-44.83	-44.07	1394.0	81.90	NAVD88	5
294147095344303	-95.579	29.696	-57.69	median	-59.16	-57.69	1407.0	71.37	NAVD88	10
294149095363002	-95.608	29.696	-60.05	median	-76.61	-60.05	1550.0	81.62	NAVD88	10
294158095024701	-95.047	29.700	-27.93	mean	-27.93	-27.95	591.0	25.09	NAVD88	6
294201095355601	-95.599	29.701	-54.92	median	-59.26	-54.92	1621.0	78.33	NAVD88	10
294206095162601	-95.274	29.702	-44.73	mean	-44.73	-44.72	995.0	31.09	NAVD88	69
294207095022001	-95.039	29.702	-31.60	mean	-31.60	-31.75	989.0	24.43	NAVD88	6
294209095494701	-95.830	29.702	-48.09	mean	-48.09	-47.90	1268.0	130.55	NAVD88	5
294211095370901	-95.619	29.703	-43.02	mean	-43.02	-44.33	1320.0	80.92	NAVD88	5
294213095322001	-95.539	29.704	-53.39	median	-59.19	-53.39	1510.0	67.89	NAVD88	11
294215095301502	-95.504	29.704	-77.14	median	-77.48	-77.14	1550.0	64.25	NAVD88	12
294216095301601	-95.505	29.705	-51.19	median	-52.81	-51.19	972.0	63.81	NAVD88	10
294219095470501	-95.787	29.708	-52.96	median	-52.93	-52.96	1090.0	112.17	NAVD88	7
294219095583601	-95.977	29.706	21.04	mean	21.04	20.96	378.0	116.69	NAVD88	7
294237095093202	-95.159	29.711	-30.26	mean	-30.26	-30.43	390.0	27.78	NAVD88	23
294237095093205	-95.159	29.711	-40.79	mean	-40.79	-40.73	1328.0	27.78	NAVD88	23
294237095093206	-95.159	29.711	-40.95	mean	-40.95	-41.03	936.0	27.78	NAVD88	21
294237095093207	-95.159	29.711	-39.75	mean	-39.75	-39.59	1817.0	27.78	NAVD88	23
294237095093208	-95.159	29.711	-40.48	mean	-40.48	-40.43	730.0	27.78	NAVD88	23
294237095342301	-95.573	29.711	-49.98	median	-50.66	-49.98	1080.0	73.40	NAVD88	9
294243095371201	-95.620	29.712	-43.42	mean	-43.42	-45.86	1370.0	80.61	NAVD88	5
294245095233501	-95.393	29.713	-57.03	median	-55.14	-57.03	1777.0	45.14	NAVD88	3
294246095454201	-95.762	29.713	-65.78	mean	-65.78	-70.73	1240.0	102.83	NAVD88	5
294252095362101	-95.606	29.715	-60.38	median	-72.01	-60.38	1610.0	77.67	NAVD88	11
294301095341801	-95.572	29.717	-72.34	median	-73.59	-72.34	1610.0	75.86	NAVD88	6
294302095411801	-95.688	29.718	-16.85	median	-16.84	-16.85	640.0	92.43	NAVD88	3
294305095511301	-95.854	29.718	-49.23	median	-47.18	-49.23	1124.0	135.59	NAVD88	5
294306095371801	-95.622	29.719	-72.07	mean	-72.07	-70.24	1305.0	77.20	NAVD88	6
294311095071401	-95.121	29.720	-40.16	mean	-40.16	-39.77	855.0	20.70	NAVD88	4
294313095365101	-95.614	29.721	-43.89	median	-53.70	-43.89	1122.0	77.60	NAVD88	10
294315095133201	-95.226	29.721	-42.72	mean	-42.72	-42.35	940.0	20.54	NAVD88	7
294315095133202	-95.226	29.721	-25.89	mean	-25.89	-26.16	319.0	20.54	NAVD88	5
294317095313001	-95.524	29.722	-62.65	median	-66.69	-62.65	1612.0	68.02	NAVD88	11
294319095305901	-95.517	29.722	-57.66	median	-64.47	-57.66	1469.0	66.58	NAVD88	11
294322095041701	-95.072	29.723	-23.70	median	-23.94	-23.70	542.0	26.48	NAVD88	6
294323095300102	-95.501	29.723	-50.52	median	-63.14	-50.52	1184.0	65.03	NAVD88	8
294326095133901	-95.228	29.724	-42.38	mean	-42.38	-41.74	809.0	13.42	NAVD88	5
294326095293002	-95.492	29.724	-61.14	median	-70.50	-61.14	1397.0	64.21	NAVD88	10
294326095492301	-95.823	29.724	-43.33	median	-41.18	-43.33	1094.0	128.04	NAVD88	4
294327095132901	-95.225	29.724	-43.02	mean	-43.02	-42.37	940.0	15.32	NAVD88	6
294328095290402	-95.485	29.725	-57.60	mean	-57.60	-57.28	1518.0	61.57	NAVD88	10
294329095284602	-95.480	29.725	-60.66	median	-64.95	-60.66	1505.0	59.50	NAVD88	10
294329095284603	-95.480	29.725	-42.34	median	-46.42	-42.34	646.0	59.50	NAVD88	10
294333095275602	-95.466	29.726	-51.19	median	-61.94	-51.19	1510.0	57.62	NAVD88	7
294334095032901	-95.058	29.727	-28.15	median	-27.94	-28.15	510.0	11.99	NAVD88	3
294334095075001	-95.131	29.726	-30.47	mean	-30.47	-30.16	510.0	23.71	NAVD88	4
294336095064301	-95.112	29.727	-64.67	median	-64.93	-64.67	1450.0	20.39	NAVD88	6
294336095082101	-95.139	29.727	-38.75	median	-38.75	-38.75	913.0	29.53	NAVD88	2
294338095270401	-95.451	29.727	-50.06	median	-54.62	-50.06	1051.0	55.93	NAVD88	11
294338095270403	-95.451	29.727	-61.06	mean	-61.06	-60.89	1943.0	55.93	NAVD88	79
294338095270404	-95.451	29.727	-63.28	mean	-63.28	-61.27	1433.0	55.93	NAVD88	23
294338095270405	-95.451	29.727	-32.63	mean	-32.63	-32.86	253.0	55.93	NAVD88	23
294338095270406	-95.451	29.727	-47.71	mean	-47.71	-45.45	627.0	55.93	NAVD88	23
294340095311103	-95.520	29.728	-64.92	median	-77.58	-64.92	1432.0	68.07	NAVD88	11
294342095034601	-95.063	29.729	-28.42	mean	-28.42	-28.54	560.0	21.93	NAVD88	6
294348095270401	-95.451	29.730	-66.78	median	-74.94	-66.78	1965.0	56.16	NAVD88	10
294348095303702	-95.511	29.728	-64.40	median	-74.60	-64.40	1335.0	64.81	NAVD88	11
294349095072901	-95.125	29.731	-31.73	mean	-31.73	-31.73	530.0	24.12	NAVD88	4
294352095385501	-95.649	29.731	-44.72	median	-54.49	-44.72	1420.0	89.19	NAVD88	8
294356095391501	-95.654	29.733	-30.37	median	-37.82	-30.37	800.0	91.71	NAVD88	7
294358095063801	-95.111	29.733	-48.02	mean	-48.02	-50.32	502.0	19.67	NAVD88	7
294400095510801	-95.853	29.734	6.05	median	6.05	6.05	818.0	140.98	NAVD88	2
294403095141801	-95.239	29.734	-43.02	mean	-43.02	-42.56	1201.0	27.36	NAVD88	6
294403095460101	-95.767	29.734	-60.74	mean	-60.74	-61.17	1268.0	112.41	NAVD88	5
294407095403701	-95.688	29.718	-16.96	median	-16.90	-16.96	471.0	93.37	NAVD88	3
294408095483001	-95.805	29.744	-68.15	mean	-68.15	-64.79	1256.0	117.30	NAVD88	5
294409095105501	-95.182	29.736	-45.86	median	-46.01	-45.86	1967.0	20.57	NAVD88	6
294414095364202	-95.612	29.738	-81.75	median	-85.83	-81.75	1322.0	79.77	NAVD88	11
294415095165301	-95.282	29.738	-44.56	mean	-44.56	-43.20	900.0	15.02	NAVD88	6
294424095100401	-95.168	29.740	-42.38	mean	-42.38	-42.23	1740.0	8.29	NAVD88	6
294425095100801	-95.169	29.741	-33.31	mean	-33.31	-33.16	477.0	8.55	NAVD88	6
294425095101601	-95.171	29.741	-41.39	mean	-41.39	-41.45	1252.0	9.29	NAVD88	5
294428095384501	-95.646	29.741	-34.28	median	-34.28	-34.28	1314.0	89.73	NAVD88	1
294433095044701	-95.080	29.743	-24.02	mean	-24.02	-24.03	256.0	18.40	NAVD88	23
294442095450801	-95.752	29.745	-68.07	mean	-68.07	-66.31	1180.0	110.10	NAVD88	6
294445095141101	-95.237	29.746	-43.05	mean	-43.05	-42.88	1350.0	27.39	NAVD88	6
294452095354501	-95.596	29.748	-78.36	median	-89.40	-78.36	1450.0	78.37	NAVD88	10
294456095341101	-95.570	29.749	-55.08	median	-71.64	-55.08	1345.0	73.49	NAVD88	11
294458095044601	-95.080	29.750	-26.41	mean	-26.41	-26.64	521.0	21.80	NAVD88	6
294500095073401	-95.127	29.751	-40.54	mean	-40.54	-40.50	1230.0	23.38	NAVD88	6
294504094553601	-94.925	29.751	-17.47	mean	-17.47	-17.54	402.0	17.96	NAVD88	6
294511095512901	-95.858	29.753	-45.36	mean	-45.36	-45.76	1050.0	143.83	NAVD88	4
294511095513001	-95.858	29.753	3.02	median	3.04	3.02	460.0	143.48	NAVD88	3
294514095521301	-95.870	29.754	-42.28	median	-46.32	-42.28	938.0	145.88	NAVD88	4
294518095393401	-95.660	29.755	-24.91	median	-24.91	-24.91	583.0	92.81	NAVD88	2
294519095383201	-95.634	29.766	-59.38	median	-66.08	-59.38	1316.0	86.08	NAVD88	10
294521094545901	-94.916	29.756	-19.26	mean	-19.26	-19.46	409.0	16.13	NAVD88	6
294523094544401	-94.912	29.756	-19.34	mean	-19.34	-19.24	403.0	17.94	NAVD88	5
294527095014901	-95.031	29.758	-25.59	mean	-25.59	-25.19	512.0	24.12	NAVD88	20
294527095014905	-95.031	29.758	-23.25	mean	-23.25	-23.40	324.0	24.12	NAVD88	23
294527095014910	-95.031	29.758	-25.08	mean	-25.08	-25.20	431.0	23.87	NAVD88	72
294527095014911	-95.031	29.758	-24.87	mean	-24.87	-24.86	1475.0	23.87	NAVD88	72
294527095014912	-95.031	29.758	-33.27	mean	-33.27	-33.56	1365.0	24.12	NAVD88	23
294529095371801	-95.622	29.758	-55.49	mean	-55.49	-54.38	1220.0	85.36	NAVD88	6
294538095344601	-95.579	29.761	-30.62	mean	-30.62	-30.60	467.0	74.39	NAVD88	4
294541095232901	-95.392	29.762	-55.29	median	-55.29	-55.29	1644.0	22.12	NAVD88	1
294545095223801	-95.377	29.763	-49.78	median	-48.56	-49.78	2020.0	38.90	NAVD88	3
294548095372801	-95.625	29.764	-61.12	mean	-61.12	-59.94	1190.0	85.90	NAVD88	5
294548095481401	-95.805	29.762	-38.82	mean	-38.82	-36.87	1022.0	129.05	NAVD88	7
294601095041901	-95.074	29.767	-23.72	mean	-23.72	-23.87	462.0	24.30	NAVD88	6
294601095225801	-95.383	29.767	-60.86	median	-59.31	-60.86	1960.0	44.67	NAVD88	3
294602095092403	-95.157	29.767	-27.22	mean	-27.22	-27.23	210.0	24.21	NAVD88	6
294602095092405	-95.157	29.767	-28.16	mean	-28.16	-28.12	310.0	24.21	NAVD88	6
294606095383901	-95.644	29.769	-23.45	mean	-23.45	-23.64	400.0	82.12	NAVD88	9
294607095492201	-95.822	29.769	-30.53	mean	-30.53	-30.52	664.0	131.55	NAVD88	6
294613095172601	-95.291	29.771	-42.70	mean	-42.70	-42.72	676.0	41.72	NAVD88	4
294619095142701	-95.242	29.773	-43.38	mean	-43.38	-43.18	1007.0	29.41	NAVD88	6
294627095375801	-95.637	29.754	-67.37	median	-76.78	-67.37	1135.0	88.95	NAVD88	9
294637095022901	-95.042	29.777	-24.52	mean	-24.52	-24.56	500.0	24.07	NAVD88	6
294645095104401	-95.179	29.779	-41.55	mean	-41.55	-40.75	1220.0	26.09	NAVD88	6
294656095382501	-95.641	29.782	-76.29	median	-81.98	-76.29	1170.0	92.67	NAVD88	10
294702095394001	-95.664	29.783	-70.25	median	-80.57	-70.25	1288.0	94.05	NAVD88	9
294708095363201	-95.609	29.786	-49.98	mean	-49.98	-48.47	1140.0	82.93	NAVD88	4
294712095401301	-95.671	29.787	-67.66	median	-72.60	-67.66	1394.0	97.78	NAVD88	7
294717095401001	-95.670	29.788	-77.63	median	-83.71	-77.63	1641.0	99.08	NAVD88	10
294721095361001	-95.603	29.789	-51.33	median	-60.55	-51.33	1135.0	84.34	NAVD88	7
294722095165901	-95.283	29.790	-44.20	mean	-44.20	-44.04	897.0	37.81	NAVD88	6
294723095370501	-95.618	29.790	-81.38	median	-89.01	-81.38	1712.0	90.60	NAVD88	10
294723095382601	-95.641	29.790	-75.54	mean	-75.54	-73.19	1238.0	94.15	NAVD88	8
294724095351401	-95.587	29.790	-54.49	median	-69.26	-54.49	1575.0	90.91	NAVD88	7
294726095351102	-95.586	29.791	-79.17	mean	-79.17	-79.50	1802.0	91.06	NAVD88	79
294726095351104	-95.587	29.791	-23.07	mean	-23.07	-23.40	237.0	90.16	NAVD88	82
294728095200102	-95.334	29.791	-55.43	mean	-55.43	-55.13	1596.0	46.01	NAVD88	23
294728095200103	-95.334	29.791	-40.60	mean	-40.60	-40.54	487.0	46.01	NAVD88	74
294728095200104	-95.334	29.791	-46.53	mean	-46.53	-46.73	1035.0	46.01	NAVD88	23
294728095200105	-95.334	29.791	-28.69	mean	-28.69	-28.87	298.0	46.01	NAVD88	23
294731095414201	-95.694	29.788	-77.25	median	-85.88	-77.25	1336.0	108.90	NAVD88	8
294732095103401	-95.177	29.794	-35.03	median	-36.52	-35.03	1198.0	29.72	NAVD88	3
294735095344001	-95.578	29.793	-90.63	median	-96.85	-90.63	1374.0	89.97	NAVD88	10
294747095444701	-95.747	29.797	-66.14	mean	-66.14	-65.09	1210.0	125.97	NAVD88	6
294752095242102	-95.406	29.798	-50.66	median	-48.64	-50.66	1465.0	62.45	NAVD88	3
294753095454001	-95.762	29.797	-61.20	mean	-61.20	-61.48	1170.0	133.10	NAVD88	6
294800095344101	-95.578	29.800	-87.53	median	-87.00	-87.53	1165.0	91.40	NAVD88	8
294803095105701	-95.183	29.801	-41.82	mean	-41.82	-41.28	1160.0	31.65	NAVD88	6
294807095484901	-95.819	29.803	2.56	mean	2.56	2.55	240.0	146.98	NAVD88	6
294812095013001	-95.025	29.804	-22.10	mean	-22.10	-22.16	498.0	31.35	NAVD88	6
294815095201701	-95.338	29.805	-56.99	median	-56.05	-56.99	2080.0	44.96	NAVD88	3
294816095242501	-95.407	29.805	-49.31	median	-47.60	-49.31	1890.0	61.73	NAVD88	3
294820095342002	-95.573	29.806	-84.73	median	-93.35	-84.73	1573.0	94.23	NAVD88	8
294836095241902	-95.406	29.810	-44.75	median	-43.78	-44.75	1455.0	63.75	NAVD88	3
294844095200901	-95.336	29.812	-57.43	median	-57.01	-57.43	1980.0	47.42	NAVD88	3
294844095342401	-95.574	29.812	-86.69	median	-85.53	-86.69	1556.0	94.47	NAVD88	7
294900095312101	-95.523	29.817	-47.65	median	-57.80	-47.65	1451.0	84.54	NAVD88	7
294901095221001	-95.370	29.817	-42.58	mean	-42.58	-42.27	1152.0	61.62	NAVD88	6
294902095133501	-95.227	29.817	-44.85	mean	-44.85	-44.64	1429.0	32.01	NAVD88	6
294909095121101	-95.203	29.819	-41.02	mean	-41.02	-40.91	1193.0	32.29	NAVD88	4
294909095200301	-95.334	29.819	-57.61	mean	-57.61	-58.16	1839.0	51.32	NAVD88	4
294916095314601	-95.530	29.821	-72.44	median	-76.43	-72.44	1454.0	88.44	NAVD88	8
294921095312907	-95.525	29.823	-36.27	median	-41.43	-36.27	734.0	85.16	NAVD88	9
294924095024301	-95.046	29.824	-19.44	mean	-19.44	-19.54	510.0	39.35	NAVD88	6
294925095341201	-95.570	29.825	-82.41	median	-86.91	-82.41	1528.0	96.44	NAVD88	8
294930095125401	-95.215	29.825	-45.27	mean	-45.27	-45.58	1500.0	34.97	NAVD88	7
294931095240801	-95.403	29.826	-50.24	median	-48.46	-50.24	1880.0	68.85	NAVD88	3
294932094551401	-94.921	29.826	-19.45	mean	-19.45	-19.57	375.0	26.28	NAVD88	6
294932095132601	-95.224	29.826	-61.28	mean	-61.28	-62.36	1548.0	34.84	NAVD88	6
294950095313701	-95.527	29.831	-47.67	median	-63.56	-47.67	1485.0	89.81	NAVD88	8
294950095313702	-95.527	29.831	-84.60	median	-95.82	-84.60	1513.0	89.81	NAVD88	10
294952095342601	-95.574	29.831	-82.70	median	-81.79	-82.70	1200.0	98.58	NAVD88	10
294953095065601	-95.116	29.832	12.63	median	13.93	12.63	1575.0	39.25	NAVD88	6
294959095405501	-95.683	29.834	-58.89	mean	-58.89	-58.55	1075.0	115.76	NAVD88	6
295001094544401	-94.912	29.834	-17.30	median	-17.65	-17.30	922.0	25.25	NAVD88	5
295001095240302	-95.401	29.834	-51.20	median	-49.95	-51.20	1290.0	66.75	NAVD88	3
295005095070301	-95.118	29.835	-57.59	median	-57.95	-57.59	1527.0	39.22	NAVD88	6
295005095071301	-95.121	29.835	-36.66	mean	-36.66	-35.52	1570.0	39.41	NAVD88	6
295019095240801	-95.403	29.839	-60.72	median	-60.15	-60.72	1770.0	65.64	NAVD88	3
295027095312301	-95.523	29.841	-83.58	mean	-83.58	-80.19	1475.0	88.74	NAVD88	8
295029095200101	-95.334	29.842	-57.52	median	-57.06	-57.52	1940.0	64.99	NAVD88	3
295044095565201	-95.948	29.846	9.90	median	9.38	9.90	1064.0	180.04	NAVD88	4
295046095492901	-95.825	29.846	5.15	median	5.15	5.15	200.0	160.47	NAVD88	2
295048095240801	-95.403	29.847	-64.24	median	-62.69	-64.24	1820.0	68.80	NAVD88	3
295101095140601	-95.236	29.851	-38.74	median	-38.74	-38.74	1285.0	42.98	NAVD88	1
295111095174301	-95.296	29.853	-40.54	median	-40.54	-40.54	835.0	46.78	NAVD88	1
295116095200401	-95.335	29.855	-53.48	median	-52.64	-53.48	1986.0	57.31	NAVD88	3
295130095241201	-95.404	29.859	-51.31	median	-51.31	-51.31	1675.0	76.98	NAVD88	1
295150095254601	-95.431	29.864	-62.91	median	-72.99	-62.91	1520.0	84.74	NAVD88	11
295155095282401	-95.474	29.866	-66.57	median	-66.21	-66.57	1152.0	73.96	NAVD88	3
295203095261401	-95.438	29.867	-80.66	median	-94.56	-80.66	1635.0	86.21	NAVD88	13
295204095261301	-95.438	29.867	-77.50	median	-78.85	-77.50	1075.0	84.99	NAVD88	13
295207095262102	-95.436	29.869	-37.47	median	-40.32	-37.47	565.0	83.92	NAVD88	9
295213095532101	-95.889	29.871	16.69	median	16.69	16.69	767.0	177.15	NAVD88	1
295216095434001	-95.730	29.872	-38.20	median	-38.20	-38.20	870.0	139.85	NAVD88	2
295218095572701	-95.958	29.872	13.04	median	14.07	13.04	839.0	185.66	NAVD88	5
295226095071801	-95.122	29.874	-34.45	mean	-34.45	-34.61	1625.0	45.27	NAVD88	6
295228095065101	-95.115	29.875	-27.39	mean	-27.39	-27.96	1628.0	47.84	NAVD88	6
295228095262901	-95.442	29.875	-47.71	median	-58.89	-47.71	1668.0	86.67	NAVD88	10
295228095263101	-95.442	29.874	-86.64	median	-97.98	-86.64	1661.0	86.10	NAVD88	12
295229095062701	-95.108	29.875	-34.07	mean	-34.07	-33.77	1568.0	44.82	NAVD88	6
295229095074101	-95.128	29.876	-35.11	mean	-35.11	-35.68	1608.0	46.46	NAVD88	6
295235095414301	-95.692	29.876	-61.43	mean	-61.43	-61.41	967.0	131.44	NAVD88	6
295240095375601	-95.632	29.877	-90.48	median	-102.16	-90.48	1369.0	119.72	NAVD88	11
295243095383101	-95.641	29.879	-84.65	median	-87.83	-84.65	1379.0	123.04	NAVD88	11
295246095351301	-95.587	29.880	-62.76	median	-80.42	-62.76	1509.0	110.82	NAVD88	9
295247095344701	-95.580	29.880	-86.46	median	-84.18	-86.46	1480.0	107.72	NAVD88	10
295249095364701	-95.613	29.880	-95.62	median	-107.75	-95.62	1438.0	119.06	NAVD88	9
295249095370701	-95.618	29.880	-57.27	mean	-57.27	-55.84	1080.0	119.87	NAVD88	6
295251095264502	-95.446	29.881	-62.71	median	-70.59	-62.71	1698.0	86.36	NAVD88	10
295252095300401	-95.501	29.881	-66.01	median	-73.24	-66.01	952.0	87.02	NAVD88	11
295254095361901	-95.606	29.883	-92.83	median	-100.39	-92.83	1444.0	117.03	NAVD88	10
295258095354201	-95.595	29.883	-63.64	mean	-63.64	-63.42	1480.0	114.80	NAVD88	6
295259095065401	-95.115	29.883	-29.08	mean	-29.08	-27.70	1560.0	46.81	NAVD88	6
295301095393901	-95.661	29.884	-47.01	mean	-47.01	-46.52	1145.0	127.94	NAVD88	6
295306095270502	-95.451	29.885	-65.75	median	-76.17	-65.75	1480.0	85.71	NAVD88	11
295316095562801	-95.941	29.888	24.12	mean	24.12	23.67	1002.0	190.89	NAVD88	6
295323095294501	-95.496	29.890	-67.16	median	-67.16	-67.16	1064.0	94.47	NAVD88	1
295339095383201	-95.642	29.894	-50.11	mean	-50.11	-50.38	990.0	123.76	NAVD88	6
295411095174601	-95.296	29.905	-48.78	median	-48.78	-48.78	1085.0	62.66	NAVD88	1
295449095084102	-95.145	29.914	-37.76	mean	-37.76	-37.64	1503.0	53.82	NAVD88	24
295449095084103	-95.145	29.914	-32.13	mean	-32.13	-31.94	699.0	53.82	NAVD88	24
295449095084104	-95.145	29.914	-34.41	mean	-34.41	-34.50	1048.0	53.82	NAVD88	25
295449095084105	-95.146	29.913	-33.59	mean	-33.59	-33.74	1940.0	51.98	NAVD88	72
295451095083901	-95.144	29.914	-28.29	median	-35.16	-28.29	540.0	57.11	NAVD88	7
295505095462201	-95.773	29.918	12.89	mean	12.89	12.90	565.0	158.90	NAVD88	5
295522095291902	-95.487	29.925	-25.51	mean	-25.51	-26.06	456.0	102.69	NAVD88	5
295529095043501	-95.080	29.925	-24.69	mean	-24.69	-25.29	976.0	43.99	NAVD88	6
295544095462401	-95.774	29.929	14.04	mean	14.04	14.01	968.0	159.85	NAVD88	6
295553095191201	-95.319	29.932	-58.83	median	-64.41	-58.83	1680.0	71.74	NAVD88	10
295605095184701	-95.314	29.935	-37.39	mean	-37.39	-37.54	1108.0	72.25	NAVD88	6
295611095240201	-95.404	29.937	-61.21	median	-61.21	-61.21	1440.0	87.36	NAVD88	1
295616095170101	-95.284	29.938	-31.95	mean	-31.95	-31.98	600.0	67.12	NAVD88	4
295616095170201	-95.284	29.938	-30.80	mean	-30.80	-30.71	762.0	66.93	NAVD88	4
295619095171001	-95.287	29.939	-51.37	mean	-51.37	-51.58	1120.0	66.80	NAVD88	4
295633095324401	-95.546	29.943	-58.56	mean	-58.56	-59.39	703.0	118.43	NAVD88	6
295644095261001	-95.437	29.946	-86.70	median	-76.95	-86.70	1050.0	94.31	NAVD88	13
295646095324601	-95.546	29.946	-62.60	mean	-62.60	-63.06	772.0	119.08	NAVD88	6
295650095322301	-95.540	29.948	-58.94	mean	-58.94	-59.20	673.0	120.04	NAVD88	6
295651095083501	-95.138	29.946	-25.73	mean	-25.73	-25.46	512.0	60.06	NAVD88	6
295704095320301	-95.535	29.953	-60.74	median	-63.61	-60.74	795.0	115.88	NAVD88	10
295705095320201	-95.535	29.953	-62.67	median	-64.20	-62.67	784.0	116.28	NAVD88	11
295709096013101	-96.026	29.953	34.86	mean	34.86	34.44	1404.0	175.79	NAVD88	6
295711095330201	-95.551	29.953	-60.37	median	-65.66	-60.37	730.0	119.99	NAVD88	11
295722095372001	-95.622	29.957	-41.37	mean	-41.37	-40.53	895.0	134.83	NAVD88	6
295723095340201	-95.557	29.963	-60.92	median	-70.99	-60.92	1020.0	122.32	NAVD88	11
295754095324901	-95.547	29.971	-55.85	median	-55.03	-55.85	824.0	123.83	NAVD88	11
295758095251701	-95.425	29.976	-57.88	median	-57.88	-57.88	1335.0	100.19	NAVD88	1
295817095065501	-95.118	29.972	-16.96	mean	-16.96	-17.46	555.0	64.46	NAVD88	6
295831095530801	-95.886	29.976	34.33	mean	34.33	34.16	1007.0	219.39	NAVD88	5
295840095525901	-95.882	29.979	53.52	mean	53.52	53.35	680.0	216.23	NAVD88	5
295842095361201	-95.603	29.979	-92.62	median	-92.62	-92.62	1185.0	130.81	NAVD88	2
295850095201301	-95.338	29.980	-58.67	median	-64.59	-58.67	1545.0	89.83	NAVD88	11
295855095204301	-95.346	29.982	-58.76	median	-68.47	-58.76	1540.0	88.86	NAVD88	10
295915095194001	-95.329	29.988	-52.62	median	-52.62	-52.62	1630.0	89.40	NAVD88	2
295924095450601	-95.754	29.990	3.91	median	4.25	3.91	885.0	159.61	NAVD88	3
300007095354701	-95.596	30.002	-2.15	median	-2.30	-2.15	305.0	139.30	NAVD88	6
300013094580901	-94.969	30.004	-7.59	mean	-7.59	-7.80	837.0	67.06	NAVD88	6
300018095225701	-95.384	30.008	-49.60	mean	-49.60	-49.69	990.0	94.06	NAVD88	7
300037095084802	-95.147	30.011	-34.43	mean	-34.43	-33.80	1205.0	68.26	NAVD88	6
300050095275301	-95.464	30.014	-56.68	mean	-56.68	-55.28	1165.0	117.69	NAVD88	6
300056095335601	-95.566	30.016	-38.30	mean	-38.30	-37.58	962.0	139.58	NAVD88	7
300101095211301	-95.354	30.017	-9.95	median	-9.22	-9.95	346.0	83.81	NAVD88	6
300111095132302	-95.222	30.019	-31.50	median	-35.76	-31.50	666.0	55.61	NAVD88	9
300122095063601	-95.110	30.023	-26.68	median	-31.34	-26.68	1080.0	69.08	NAVD88	10
300123095264501	-95.446	30.023	-49.74	mean	-49.74	-48.07	1030.0	111.45	NAVD88	6
300133095065101	-95.115	30.027	-25.75	median	-31.36	-25.75	1010.0	68.11	NAVD88	9
300146095241801	-95.405	30.030	-46.92	mean	-46.92	-47.08	560.0	87.10	NAVD88	7
300146095510402	-95.851	30.030	32.61	mean	32.61	32.39	332.0	223.97	NAVD88	5
300157095292501	-95.491	30.033	-101.38	median	-101.38	-101.38	1063.0	123.47	NAVD88	1
300211095350102	-95.584	30.037	-25.71	median	-27.29	-25.71	600.0	150.29	NAVD88	6
300223095142101	-95.240	30.040	-29.70	median	-29.70	-29.70	410.0	85.91	NAVD88	1
300223095143001	-95.240	30.040	-32.25	median	-37.16	-32.25	1012.0	84.72	NAVD88	9
300225095144202	-95.250	30.041	-31.04	median	-41.80	-31.04	965.0	87.49	NAVD88	5
300231095113701	-95.190	30.046	-31.95	median	-38.44	-31.95	918.0	54.45	NAVD88	9
300239095212601	-95.358	30.044	-40.59	mean	-40.59	-39.81	725.0	83.21	NAVD88	7
300239095431101	-95.720	30.044	21.91	median	21.91	21.91	250.0	185.80	NAVD88	2
300242094565701	-94.949	30.045	-6.22	median	-5.78	-6.22	940.0	77.42	NAVD88	6
300248095105301	-95.177	30.050	-31.52	median	-39.48	-31.52	1136.0	53.57	NAVD88	9
300249095355701	-95.599	30.047	-26.63	median	-29.72	-26.63	550.0	161.38	NAVD88	6
300251095265401	-95.448	30.049	-90.30	mean	-90.30	-89.51	1074.0	103.90	NAVD88	6
300254094531801	-94.888	30.049	-9.65	mean	-9.65	-9.20	1314.0	82.41	NAVD88	5
300258095145301	-95.243	30.066	-27.14	mean	-27.14	-27.48	1046.0	83.89	NAVD88	6
300301095361301	-95.604	30.051	-23.67	median	-23.74	-23.67	530.0	158.42	NAVD88	5
300302095113301	-95.189	30.054	-32.46	median	-40.67	-32.46	1044.0	59.21	NAVD88	10
300308095071401	-95.121	30.052	-8.48	median	-8.48	-8.48	570.0	66.75	NAVD88	2
300308095071402	-95.121	30.052	-8.43	median	-8.43	-8.43	503.0	66.75	NAVD88	2
300318095553401	-95.926	30.055	27.38	mean	27.38	27.04	558.0	250.32	NAVD88	6
300321095060201	-95.097	30.057	-20.02	median	-25.28	-20.02	1014.0	70.60	NAVD88	10
300331095092201	-95.156	30.059	-30.32	median	-39.59	-30.32	900.0	66.32	NAVD88	10
300332095054301	-95.096	30.059	-20.25	median	-27.44	-20.25	1032.0	70.92	NAVD88	11
300332095553601	-95.927	30.059	28.33	mean	28.33	28.22	533.0	256.69	NAVD88	6
300334095113401	-95.189	30.063	-32.81	median	-46.06	-32.81	1100.0	72.18	NAVD88	10
300343095090301	-95.153	30.065	-25.76	mean	-25.76	-25.40	1130.0	53.76	NAVD88	6
300355095093501	-95.160	30.066	-28.90	median	-36.65	-28.90	1160.0	66.73	NAVD88	10
300359095122902	-95.208	30.067	-29.32	median	-39.17	-29.32	832.0	70.80	NAVD88	9
300403095125402	-95.216	30.082	-26.99	median	-31.85	-26.99	839.0	77.26	NAVD88	9
300408095115201	-95.198	30.069	-33.52	median	-36.92	-33.52	1060.0	74.70	NAVD88	8
300408095485701	-95.816	30.069	47.63	mean	47.63	48.52	1160.0	246.50	NAVD88	7
300413095002201	-95.007	30.071	-5.63	median	-5.32	-5.63	1017.0	84.45	NAVD88	6
300417094404801	-94.680	30.072	9.98	mean	9.98	10.13	1180.0	69.81	NAVD88	6
300419095154301	-95.262	30.071	-56.48	median	-56.48	-56.48	1465.0	86.65	NAVD88	1
300419095591101	-95.987	30.072	3.48	median	4.33	3.48	645.0	276.02	NAVD88	6
300426095123902	-95.213	30.074	-27.18	median	-36.11	-27.18	827.0	78.03	NAVD88	10
300439095202201	-95.339	30.078	-27.73	mean	-27.73	-28.27	585.0	90.58	NAVD88	5
300446095121901	-95.204	30.081	-28.90	median	-44.36	-28.90	1190.0	74.08	NAVD88	10
300447095444101	-95.745	30.080	31.45	mean	31.45	31.34	302.0	233.83	NAVD88	6
300457095245801	-95.416	30.083	15.66	mean	15.66	15.38	225.0	120.56	NAVD88	6
300507095280201	-95.468	30.086	-68.12	mean	-68.12	-71.12	1000.0	136.53	NAVD88	7
300521095365101	-95.614	30.089	16.95	median	16.96	16.95	412.0	180.75	NAVD88	8
300534095112801	-95.191	30.093	-20.19	median	-20.77	-20.19	900.0	78.86	NAVD88	7
300542096045401	-96.082	30.095	24.82	mean	24.82	25.07	732.0	236.28	NAVD88	6
300543095592001	-95.989	30.095	8.18	median	11.28	8.18	576.0	284.54	NAVD88	5
300544095231501	-95.388	30.096	-90.79	median	-104.12	-90.79	1182.0	100.87	NAVD88	9
300544095590701	-95.985	30.096	6.42	median	6.15	6.42	587.0	285.26	NAVD88	6
300547095583901	-95.977	30.096	7.33	median	6.44	7.33	600.0	281.38	NAVD88	6
300547095593802	-95.994	30.096	9.29	median	8.93	9.29	572.0	257.39	NAVD88	6
300551095330401	-95.551	30.098	-35.76	median	-36.16	-35.76	1022.0	134.35	NAVD88	4
300556095590901	-95.986	30.099	7.78	median	6.55	7.78	585.0	268.73	NAVD88	6
300602095145501	-95.249	30.101	-19.92	median	-25.50	-19.92	770.0	97.75	NAVD88	7
300621095225201	-95.381	30.106	-86.05	median	-92.84	-86.05	1066.0	103.65	NAVD88	8
300637095240801	-95.402	30.112	-17.63	mean	-17.63	-17.69	506.0	105.45	NAVD88	7
300641095003101	-95.009	30.112	4.72	median	3.88	4.72	1006.0	81.93	NAVD88	6
300643095214301	-95.363	30.112	-17.69	mean	-17.69	-17.98	492.0	98.08	NAVD88	6
300647095245201	-95.414	30.113	-13.81	median	-12.80	-13.81	300.0	106.64	NAVD88	3
300658095443101	-95.742	30.116	36.50	mean	36.50	36.56	298.0	227.50	NAVD88	5
300712095165601	-95.282	30.120	8.38	median	8.38	8.38	262.0	104.68	NAVD88	1
300717095463601	-95.777	30.121	44.72	mean	44.72	44.77	204.0	201.61	NAVD88	6
300720095005201	-95.014	30.122	6.97	mean	6.97	7.11	580.0	86.15	NAVD88	5
300720095165701	-95.283	30.122	-13.69	median	-10.28	-13.69	285.0	108.59	NAVD88	4
300720095173201	-95.292	30.122	-13.31	median	-12.91	-13.31	634.0	107.07	NAVD88	3
300726095271801	-95.455	30.124	-38.22	median	-37.71	-38.22	622.0	114.20	NAVD88	6
300730095465001	-95.781	30.125	46.09	mean	46.09	45.80	220.0	203.60	NAVD88	5
300731095270701	-95.452	30.126	-85.66	mean	-85.66	-85.97	910.0	123.17	NAVD88	4
300732095292101	-95.491	30.125	-101.24	mean	-101.24	-102.51	870.0	126.65	NAVD88	6
300736095000701	-95.002	30.127	9.28	median	7.51	9.28	1015.0	85.30	NAVD88	5
300740095262701	-95.441	30.128	-86.15	mean	-86.15	-86.43	996.0	116.71	NAVD88	6
300741095262601	-95.441	30.128	-10.75	median	-11.52	-10.75	500.0	121.31	NAVD88	6
300742095244301	-95.412	30.131	-10.08	median	-10.39	-10.08	425.0	111.16	NAVD88	7
300748094554501	-94.931	30.131	1.35	median	1.26	1.35	401.0	96.49	NAVD88	6
300754095451101	-95.753	30.132	46.47	median	47.48	46.47	204.0	231.04	NAVD88	3
300756095000601	-95.002	30.133	-0.02	median	-0.45	-0.02	1040.0	87.19	NAVD88	5
300801095393701	-95.661	30.134	-52.92	mean	-52.92	-52.58	642.0	189.23	NAVD88	6
300806095130201	-95.217	30.135	-14.07	median	-16.44	-14.07	660.0	103.84	NAVD88	9
300811095291702	-95.492	30.138	-100.19	mean	-100.19	-102.90	1180.0	138.08	NAVD88	5
300816095274701	-95.463	30.140	-87.34	mean	-87.34	-87.68	944.0	135.58	NAVD88	6
300819095315501	-95.533	30.137	-82.25	mean	-82.25	-82.91	945.0	140.23	NAVD88	6
300822095284201	-95.479	30.141	-76.52	mean	-76.52	-75.75	1052.0	134.60	NAVD88	5
300824095274701	-95.463	30.140	-2.32	median	-2.93	-2.32	246.0	135.79	NAVD88	39
300826095270801	-95.452	30.141	-6.27	median	-8.60	-6.27	570.0	134.17	NAVD88	9
300831095173401	-95.292	30.142	-7.54	median	-8.87	-7.54	560.0	113.69	NAVD88	7
300838095244701	-95.413	30.144	-7.41	median	-13.61	-7.41	558.0	116.74	NAVD88	9
300844095242101	-95.406	30.146	-5.13	median	-4.82	-5.13	590.0	116.85	NAVD88	4
300849095143301	-95.243	30.147	-7.43	median	-7.87	-7.43	600.0	110.41	NAVD88	41
300906095392001	-95.656	30.152	41.09	median	41.27	41.09	261.0	198.77	NAVD88	3
300907095182301	-95.306	30.152	-6.75	median	-11.36	-6.75	516.0	117.22	NAVD88	7
300920095271402	-95.454	30.156	-90.77	mean	-90.77	-85.15	1025.0	141.71	NAVD88	9
300923095282601	-95.474	30.156	-82.29	median	-82.29	-82.29	1050.0	143.36	NAVD88	1
300925095132501	-95.224	30.157	-8.32	median	-8.93	-8.32	620.0	98.25	NAVD88	9
300925095264501	-95.446	30.157	-85.50	mean	-85.50	-85.02	1010.0	129.74	NAVD88	4
300954095421101	-95.703	30.165	48.27	mean	48.27	48.14	210.0	246.16	NAVD88	4
300956095263001	-95.442	30.166	-88.11	mean	-88.11	-83.38	1014.0	136.43	NAVD88	7
301002095251401	-95.420	30.168	2.70	median	-1.38	2.70	360.0	115.85	NAVD88	6
301007095303001	-95.508	30.169	-82.03	mean	-82.03	-80.18	1052.0	165.85	NAVD88	7
301020095442801	-95.741	30.172	37.72	mean	37.72	37.77	360.0	233.74	NAVD88	4
301021095153501	-95.260	30.172	-44.37	median	-44.73	-44.37	1102.0	108.86	NAVD88	3
301033095300602	-95.502	30.175	-82.06	mean	-82.06	-81.69	1030.0	163.83	NAVD88	7
301034095283802	-95.477	30.176	-85.10	mean	-85.10	-85.00	1000.0	134.68	NAVD88	8
301039095092901	-95.158	30.177	-24.88	median	-34.70	-24.88	1315.0	107.38	NAVD88	8
301047095104801	-95.184	30.183	-24.86	median	-26.97	-24.86	701.0	87.48	NAVD88	5
301051095322402	-95.540	30.181	-78.33	mean	-78.33	-75.98	961.0	170.95	NAVD88	8
301103095334302	-95.563	30.185	-75.26	mean	-75.26	-71.47	906.0	180.68	NAVD88	8
301106095351101	-95.586	30.185	-67.09	mean	-67.09	-66.53	915.0	192.45	NAVD88	8
301108095293201	-95.492	30.185	-83.22	mean	-83.22	-80.30	1005.0	156.70	NAVD88	8
301135095290102	-95.477	30.194	-75.96	mean	-75.96	-77.34	1094.0	141.49	NAVD88	7
301136095212101	-95.356	30.193	-13.78	mean	-13.78	-13.59	462.0	143.46	NAVD88	5
301139095393801	-95.661	30.194	44.68	mean	44.68	44.61	220.0	200.33	NAVD88	5
301153095243201	-95.409	30.198	-30.62	median	-30.64	-30.62	809.0	117.54	NAVD88	5
301157095273301	-95.459	30.199	-80.42	mean	-80.42	-76.48	958.0	131.57	NAVD88	8
301211095284601	-95.479	30.203	-75.39	mean	-75.39	-74.95	953.0	155.78	NAVD88	8
301215095255401	-95.432	30.204	17.03	mean	17.03	17.09	265.0	122.83	NAVD88	6
301218095445401	-95.749	30.205	-23.35	mean	-23.35	-23.70	662.0	272.91	NAVD88	5
301220095305502	-95.515	30.206	-76.44	mean	-76.44	-74.46	1064.0	193.55	NAVD88	8
301222095255501	-95.432	30.206	14.30	median	16.32	14.30	330.0	124.82	NAVD88	6
301225095315902	-95.533	30.207	-71.97	median	-75.95	-71.97	1120.0	176.34	NAVD88	8
301228095272501	-95.457	30.208	-75.92	mean	-75.92	-75.82	807.0	129.25	NAVD88	47
301234095255801	-95.433	30.209	-75.80	mean	-75.80	-74.58	820.0	125.76	NAVD88	5
301234095255802	-95.433	30.209	18.48	median	13.44	18.48	256.0	126.11	NAVD88	8
301250095400701	-95.664	30.215	30.54	median	28.17	30.54	454.0	241.88	NAVD88	3
301254095480201	-95.801	30.215	-7.17	median	-7.17	-7.17	629.0	302.87	NAVD88	1
301256095270401	-95.451	30.216	-73.43	mean	-73.43	-72.35	1000.0	126.93	NAVD88	7
301258095323502	-95.543	30.216	-67.44	mean	-67.44	-66.23	976.0	193.48	NAVD88	7
301309095313001	-95.525	30.219	-69.59	median	-72.93	-69.59	890.0	172.84	NAVD88	8
301310095190201	-95.317	30.219	19.04	mean	19.04	19.03	320.0	138.39	NAVD88	4
301311095335701	-95.566	30.220	-66.21	median	-67.44	-66.21	718.0	198.41	NAVD88	3
301318095364501	-95.614	30.221	-59.93	mean	-59.93	-60.07	887.0	218.54	NAVD88	5
301335095385001	-95.647	30.226	-47.80	median	-55.82	-47.80	677.0	216.81	NAVD88	4
301350095383801	-95.644	30.231	45.10	median	45.21	45.10	208.0	213.56	NAVD88	3
301358095343301	-95.576	30.233	36.25	mean	36.25	36.32	270.0	212.84	NAVD88	5
301358095343302	-95.576	30.233	-67.39	median	-69.93	-67.39	1004.0	212.84	NAVD88	6
301408094442201	-94.741	30.237	14.52	mean	14.52	14.70	1150.0	94.93	NAVD88	6
301411094432601	-94.724	30.237	14.00	mean	14.00	13.96	660.0	89.10	NAVD88	6
301412095302101	-95.506	30.237	-63.11	median	-66.13	-63.11	836.0	174.89	NAVD88	4
301420095093201	-95.159	30.239	12.00	median	4.17	12.00	440.0	126.04	NAVD88	10
301445096020901	-96.036	30.246	37.86	mean	37.86	37.81	293.0	264.78	NAVD88	6
301516095264301	-95.446	30.255	-60.19	median	-63.64	-60.19	702.0	125.93	NAVD88	8
301518095494001	-95.828	30.255	66.13	mean	66.13	65.97	267.0	304.20	NAVD88	6
301614095284201	-95.478	30.271	-50.51	mean	-50.51	-50.00	710.0	135.98	NAVD88	5
301837095164001	-95.278	30.310	37.66	median	37.66	37.66	367.0	186.75	NAVD88	1
301839094575201	-94.965	30.311	19.68	mean	19.68	19.70	347.0	134.96	NAVD88	6
301840094574501	-94.961	30.311	19.34	mean	19.34	19.37	469.0	132.91	NAVD88	6
301853095180701	-95.302	30.315	23.83	mean	23.83	24.61	345.0	186.32	NAVD88	5
301904095414801	-95.697	30.318	23.53	mean	23.53	23.54	389.0	307.56	NAVD88	4
301924094585601	-94.983	30.324	20.06	mean	20.06	20.24	523.0	137.71	NAVD88	6
301931095145301	-95.248	30.325	38.75	mean	38.75	39.17	210.0	182.41	NAVD88	6
301931095355801	-95.599	30.325	17.38	median	17.68	17.38	550.5	250.30	NAVD88	3
301938094585501	-94.982	30.322	21.32	mean	21.32	21.56	530.0	137.26	NAVD88	6
301948095030701	-95.052	30.330	24.72	mean	24.72	24.73	400.0	137.44	NAVD88	6
301948095290002	-95.484	30.330	45.80	mean	45.80	45.92	261.0	238.76	NAVD88	37
302040095050701	-95.086	30.345	20.33	mean	20.33	20.41	845.0	158.04	NAVD88	6
302154094590701	-94.985	30.366	39.46	mean	39.46	39.49	502.0	153.24	NAVD88	6
302156095001501	-95.004	30.366	39.01	mean	39.01	38.92	452.0	151.23	NAVD88	4
302301095194301	-95.329	30.384	24.42	mean	24.42	23.85	570.0	267.83	NAVD88	6
302323095194201	-95.328	30.390	23.10	median	15.57	23.10	600.0	281.87	NAVD88	9
302353094593701	-94.994	30.399	39.92	mean	39.92	39.95	835.0	159.42	NAVD88	6
302422094563403	-94.964	30.408	25.25	mean	25.25	25.88	370.0	160.42	NAVD88	6
302429094575101	-94.964	30.408	25.31	mean	25.31	25.91	287.0	160.42	NAVD88	6
302434094574101	-94.962	30.409	24.84	mean	24.84	25.66	365.0	163.56	NAVD88	6
302436095263501	-95.443	30.410	35.64	median	38.78	35.64	350.0	295.63	NAVD88	5
302511095300001	-95.505	30.420	43.50	mean	43.50	43.12	336.0	376.32	NAVD88	6
302644095320601	-95.535	30.446	56.84	median	56.84	56.84	520.0	279.34	NAVD88	1
303000095002001	-95.010	30.498	15.22	median	14.23	15.22	490.0	173.18	NAVD88	8
304207095103001	-95.165	30.693	36.84	median	37.01	36.84	210.0	148.28	NAVD88	3
